      RunNumber    EventNumber
         210308      176107359
         210308      176253958
         210308      176441382
         210308      176682101
         210308      176683226
         210308      176769601
         210308      176788730
         210308      177027149
         210308      177038053
         210308      177198256
         210308      177690208
         210308      177799241
         210308      177964140
         210308      178009276
         210308      178092438
         210308      178165944
         210308      178185889
         210308      178240314
         210308      178321497
         210308      178479319
         210308      178797520
         210308      178963639
         210308      178988554
         210308      179123420
         210308      179224745
         210308      179312501
         210308      179378549
         210308      179415926
         210308      179464570
         210308      179564916
         210308      179682893
         210308      179825713
         210308      180167167
         210308      180178553
         210308      180360213
         210308      180456816
         210308      180489571
         210308      180613205
         210308      180673247
         210308      180701668
         210308      180803965
         210308      181039108
         210308      181312572
         210308      181439255
         210308      181614316
         210308      181723465
         210308      181762749
         210308      181820199
         210308      181824254
         210308      181847856
         210308      182049141
         210308      182195851
         210308      182212495
         210308      182341174
         210308      182480693
         210308      182640191
         210308      182736844
         210308      182765457
         210308      182779741
         210308      183074614
         210308      183102934
         210308      183110249
         210308      183166460
         210308      183348824
         210308      183457141
         210308      183517282
         210308      183923003
         210308      183936679
         210308      184006130
         210308      184107319
         210308      184276779
         210308      184492969
         210308      184517334
         210308      184625548
         210308      184709101
         210308      184823124
         210308      184951275
         210308      184963309
         210308      184985586
         210308      185069111
         210308      185154809
         210308      185254358
         210308      185686536
         210308      185783575
         210308      186719345
         210308      186841550
         210308      186941963
         210308      187052395
         210308      187354538
         210308      187394460
         210308      187419804
         210308      187432498
         210308      187521838
         210308      187570189
         210308      187675501
         210308      187746976
         210308      187841306
         210308      187924488
         210308      187988929
         210308      188020225
         210308      188205083
         210308      188304827
         210308      188318442
         210308      188377640
         210308      188552652
         210308      188659988
         210308      188747464
         210308      188837266
         210308      189325844
         210308      189414808
         210308      189569523
         210308      189581338
         210308      189591278
         210308      189823890
         210308      189952716
         210308      190218311
         210308      190789609
         210308      190853032
         210308      190867215
         210308      191278655
         210308      191331971
         210308      191391786
         210308      191765000
         210308      192019460
         210308      192191707
         210308      192203964
         210308      192403331
         210308      192889364
         210308      193008994
         210308      193195607
         210308      193518006
         210308      193603970
         210308      193622056
         210308      193725440
         210308      193773229
         210308      193938938
         210308      194038945
         210308      194231700
         210308      194414468
         210308      194466461
         210308      194495938
         210308      194619802
         210308      194692825
         210308      194831897
         210308      194839437
         210308      194877792
         210308      194917497
         210308      194925856
         210308      195152527
         210308      195438953
         210308      195521116
         210308      195867695
         210308      196154679
         210308      196512474
         210308      196668650
         210308      196853942
         210308      196976842
         210308      196986163
         210308      197292702
         210308      197357445
         210308      197561140
         210308      197764529
         210308      197814348
         210308      197948275
         210308      198100562
         210308      198130961
         210308      198246001
         210308      198523312
         210308      198603901
         210308      198619210
         210308      198697742
         210308      199029227
         210308      199057598
         210308      199239584
         210308      200002824
         210308      200069875
         210308      200499070
         210308      200499466
         210308      200509810
         210308      200554852
         210308      200727752
         210308      200903612
         210308      200959343
         210308      201059903
         210308      201105773
         210308      201113599
         210308      201303644
         210308      201321226
         210308      201426446
         210308      201583781
         210308      201845002
         210308      202049891
         210308      202270319
         210308      202351446
         210308      202452833
         210308      202466789
         210308      202492731
         210308      202553093
         210308      202666188
         210308      202917765
         210308      203005668
         210308      203037609
         210308      203215177
         210308      203423247
         210308      203464521
         210308      203482580
         210308      203647742
         210308      203842138
         210308      203914503
         210308      203944086
         210308      203981639
         210308      204220369
         210308      204441741
         210308      204486108
         210308      204555116
         210308      204768072
         210308      205030814
         210308      205167594
         210308      205446656
         210308      205484875
         210308      205839584
         210308      205843467
         210308      205943898
         210308      205954493
         210308      206063651
         210308      206191471
         210308      206207378
         210308      206219817
         210308      206476609
         210308      206510751
         210308      206634887
         210308      206717154
         210308      206880856
         210308      206903165
         210308      206921522
         210308      206947493
         210308      207012357
         210308      207218767
         210308      207279341
         210308      207317488
         210308      207581331
         210308      207962065
         210308      208075544
         210308      208076349
         210308      208080303
         210308      208135644
         210308      208233437
         210308      208497278
         210308      208826429
         210308      208900766
         210308      209223877
         210308      209230333
         210308      209651520
         210308      209827538
         210308      209857378
         210308      209865630
         210308      209897530
         210308      209971672
         210308      210156045
         210308      210412690
         210308      210618636
         210308      210869278
         210308      210943764
         210308      211045154
         210308      211147088
         210308      211170865
         210308      211216653
         210308      211231993
         210308      211384016
         210308      211492563
         210308      211509645
         210308      211754814
         210308      212062578
         210308      212155887
         210308      212295090
         210308      212922253
         210308      212975658
         210308      213102391
         210308      213137711
         210308      213162391
         210308      213228091
         210308      213267102
         210308      213346163
         210308      213692260
         210308      213808768
         210308      213811223
         210308      213840216
         210308      213916344
         210308      213936882
         210308      213965331
         210308      213979861
         210308      214073447
         210308      214178521
         210308      214307250
         210308      214393996
         210308      214511007
         210308      214532335
         210308      214970271
         210308      215306058
         210308      215383368
         210308      215391082
         210308      215477945
         210308      215486797
         210308      216246733
         210308      216279904
         210308      216341421
         210308      216345325
         210308      216354947
         210308      216538260
         210308      216571796
         210308      216629754
         210308      216738713
         210308      217012946
         210308      217029536
         210308      217268804
         210308      217330063
         210308      217330730
         210308      217430464
         210308      217464558
         210308      217608261
         210308      217833991
         210308      218174114
         210308      218266763
         210308      218283855
         210308      218378072
         210308      218486648
         210308      218647486
         210308      218670950
         210308      218706848
         210308      218708474
         210308      218877110
         210308      218923731
         210308      218971449
         210308      219128642
         210308      219419441
         210308      219502243
         210308      219611785
         210308      219654188
         210308      219656155
         210308      220053414
         210308      220092389
         210308      220314419
         210308      220369873
         210308      220398334
         210308      220408030
         210308      220530541
         210308      220606689
         210308      220656951
         210308      220658694
         210308      220686657
         210308      220961922
         210308      221021634
         210308      221246625
         210308      221568493
         210308      221592107
         210308      221899393
         210308      221960050
         210308      222483172
         210308      222515792
         210308      222705891
         210308      222759333
         210308      222817338
         210308      223062263
         210308      223121020
         210308      223362241
         210308      223601148
         210308      223641157
         210308      224173248
         210308      224402442
         210308      224740919
         210308      224859890
         210308      224948952
         210308      225127962
         210308      225376949
         210308      225445283
         210308      225627884
         210308      225758353
         210308      225843155
         210308      225965803
         210308      225985805
         210308      226077068
         210308      226160199
         210308      226550045
         210308      226597203
         210308      226608742
         210308      226636109
         210308      226863681
         210308      227099941
         210308      227240924
         210308      227268143
         210308      227698709
         210308      227965880
         210308      228232955
         210308      228645406
         210308      228694503
         210308      229366201
         210308      229507245
         210308      229524026
         210308      229641136
         210308      229758719
         210308      229919374
         210308      230064914
         210308      230090633
         210308      230290849
         210308      230469793
         210308      230743390
         210308      230844774
         210308      231222369
         210308      231256540
         210308      231289133
         210308      231488852
         210308      231612988
         210308      231938517
         210308      232048196
         210308      232158160
         210308      232163689
         210308      232390875
         210308      232472649
         210308      232517561
         210308      232532316
         210308      232573167
         210308      232586736
         210308      232592249
         210308      232648800
         210308      232719953
         210308      232781321
         210308      232896286
         210308      232929277
         210308      232944156
         210308      233103595
         210308      233178731
         210308      233589482
         210308      233746011
         210308      233958069
         210308      234002740
         210308      234053813
         210308      234068544
         210308      234364711
         210308      234370666
         210308      234421863
         210308      234555219
         210308      234618203
         210308      234680912
         210308      234784625
         210308      234940039
         210308      235009196
         210308      235337437
         210308      235384440
         210308      235663008
         210308      235722387
         210308      235772493
         210308      236013619
         210308      236157454
         210308      236428622
         210308      236591724
         210308      236685359
         210308      236929505
         210308      237117151
         210308      237219125
         210308      237389285
         210308      237558757
         210308      237594436
         210308      238271345
         210308      238314110
         210308      238355531
         210308      238630044
         210308      238705446
         210308      238868122
         210308      239121453
         210308      239319565
         210308      239330474
         210308      239409865
         210308      239523956
         210308      239634182
         210308      239932524
         210308      239998700
         210308      240232106
         210308      240276315
         210308      240683999
         210308      240815559
         210308      240890763
         210308      241062810
         210308      241186634
         210308      241206650
         210308      241255862
         210308      241443200
         210308      241478790
         210308      241532145
         210308      241787384
         210308      241868352
         210308      241870030
         210308      241916701
         210308      241977735
         210308      242078696
         210308      242098815
         210308      242135163
         210308      242344502
         210308      242398532
         210308      242447577
         210308      242494004
         210308      242529585
         210308      242763844
         210308      242978574
         210308      243039061
         210308      243095423
         210308      243116471
         210308      243130798
         210308      243291775
         210308      243294818
         210308      243454682
         210308      243460800
         210308      243545199
         210308      243616682
         210308      243671767
         210308      243727070
         210308      243776864
         210308      243777163
         210308      243881036
         210308      243955951
         210308      244041616
         210308      244096371
         210308      244103839
         210308      244175291
         210308      244434946
         210308      244474893
         210308      244487856
         210308      244652629
         210308      244933590
         210308      245722388
         210308      245797416
         210308      245800749
         210308      245844032
         210308      246244630
         210308      246350731
         210308      246380921
         210308      246402008
         210308      246443965
         210308      246597175
         210308      246598739
         210308      246760091
         210308      246968930
         210308      247013142
         210308      247085867
         210308      247278450
         210308      247503049
         210308      247545400
         210308      247789645
         210308      247959968
         210308      247996217
         210308      248021141
         210308      248264137
         210308      248339113
         210308      248539819
         210308      248572611
         210308      248937333
         210308      249099198
         210308      249347819
         210308      249460752
         210308      249462408
         210308      249525240
         210308      249607733
         210308      249746553
         210308      249882577
         210308      250427080
         210308      250475899
         210308      250610898
         210308      250615058
         210308      250676604
         210308      250678464
         210308      250870466
         210308      250917059
         210308      251560479
         210308      251609621
         210308      251617309
         210308      251643241
         210308      251666229
         210308      251813394
         210308      251938307
         210308      252040674
         210308      252041096
         210308      252350121
         210308      252472354
         210308      252647605
         210308      252702894
         210308      252711876
         210308      252712773
         210308      252838597
         210308      252932201
         210308      252950233
         210308      253049415
         210308      253143442
         210308      253349315
         210308      253565676
         210308      253611043
         210308      253688379
         210308      254032165
         210308      254117533
         210308      254175306
         210308      254212959
         210308      254407188
         210308      254659340
         210308      254729594
         210308      254927014
         210308      255000900
         210308      255036262
         210308      255298488
         210308      255547328
         210308      255548207
         210308      255604092
         210308      255766223
         210308      256010712
         210308      256038071
         210308      256052795
         210308      256093307
         210308      256186582
         210308      256190919
         210308      256471959
         210308      256603573
         210308      256746687
         210308      256775464
         210308      256805136
         210308      256877874
         210308      256985780
         210308      257198048
         210308      257226374
         210308      257296612
         210308      257410715
         210308      257635284
         210308      257683107
         210308      257689808
         210308      257702903
         210308      257762267
         210308      258018188
         210308      258050220
         210308      258273297
         210308      258279622
         210308      258366011
         210308      258793110
         210308      258847451
         210308      258858092
         210308      258861376
         210308      259161572
         210308      259180458
         210308      259507237
         210308      259703355
         210308      260008452
         210308      260011773
         210308      260095763
         210308      260177084
         210308      260209547
         210308      260228797
         210308      260332456
         210308      260418328
         210308      260632507
         210308      260861831
         210308      260974536
         210308      261064162
         210308      261125646
         210308      261334015
         210308      261459975
         210308      262051889
         210308      262066702
         210308      262125615
         210308      262286138
         210308      262400517
         210308      262509793
         210308      262747524
         210308      262901119
         210308      263019738
         210308      263032327
         210308      263062485
         210308      263113443
         210308      263251146
         210308      263266831
         210308      263286804
         210308      263475834
         210308      263506906
         210308      263545121
         210308      263567519
         210308      264259015
         210308      264381402
         210308      264474581
         210308      264608998
         210308      264833777
         210308      265132991
         210308      265630194
         210308      265765902
         210308      265775265
         210308      265852821
         210308      265982961
         210308      266122780
         210308      266173260
         210308      266241307
         210308      266450776
         210308      266487236
         210308      266622645
         210308      266789455
         210308      266820779
         210308      267272112
         210308      267376230
         210308      267470185
         210308      267475074
         210308      267878317
         210308      268125448
         210308      268384826
         210308      268429057
         210308      268494413
         210308      268593126
         210308      268682489
         210308      268693211
         210308      268698275
         210308      269476825
         210308      269842402
         210308      269872367
         210308      270059576
         210308      270499096
         210308      270842654
         210308      270918744
         210308      271139405
         210308      271185176
         210308      271274188
         210308      271457028
         210308      271545228
         210308      271586216
         210308      271646954
         210308      271682208
         210308      272379679
         210308      272431909
         210308      272530407
         210308      272539030
         210308      272731271
         210308      272810957
         210308      272895526
         210308      273041430
         210308      273303373
         210308      273655161
         210308      273790053
         210308      274198789
         210308      274201239
         210308      274233292
         210308      274235112
         210308      274391121
         210308      274477618
         210308      274815134
         210308      275089130
         210308      275153730
         210308      275426319
         210308      275726267
         210308      275796112
         210308      275958396
         210308      276159546
         210308      276285737
         210308      276293197
         210308      276346445
         210308      276944280
         210308      276960410
         210308      277031699
         210308      277049752
         210308      277087194
         210308      277211616
         210308      277700943
         210308      277711669
         210308      277850516
         210308      278039812
         210308      278316155
         210308      278324983
         210308      278600328
         210308      278602385
         210308      278641418
         210308      278677480
         210308      279039394
         210308      279043137
         210308      279150189
         210308      279292484
         210308      279499996
         210308      279533707
         210308      279572579
         210308      279609138
         210308      279858070
         210308      279985218
         210308      280140889
         210308      280203609
         210308      280243373
         210308      280437964
         210308      280980298
         210308      281151066
         210308      281176107
         210308      281244326
         210308      281287777
         210308      281416178
         210308      281561405
         210308      281755142
         210308      281861061
         210308      281919931
         210308      282330580
         210308      282351298
         210308      282402863
         210308      282606966
         210308      282784805
         210308      282873150
         210308      283217318
         210308      283308630
         210308      283449361
         210308      283635695
         210308      283771327
         210308      284131539
         210308      284233180
         210308      284248271
         210308      284366687
         210308      284449085
         210308      284818872
         210308      284839964
         210308      284910729
         210308      284967393
         210308      285124935
         210308      285393584
         210308      285628757
         210308      285700014
         210308      285780087
         210308      285944629
         210308      286088193
         210308      286410852
         210308      286436892
         210308      286515455
         210308      286612388
         210308      286841588
         210308      286866997
         210308      287202012
         210308      287209739
         210308      287367209
         210308      287479613
         210308      287502057
         210308      287595310
         210308      287661348
         210308      287836068
         210308      287888363
         210308      287917369
         210308      288208106
         210308      288622260
         210308      288662117
         210308      288775712
         210308      289021914
         210308      289041941
         210308      289128043
         210308      289592637
         210308      289933911
         210308      290020001
         210308      290050544
         210308      290381804
         210308      290482711
         210308      290694336
         210308      290753408
         210308      291116065
         210308      291282723
         210308      291359782
         210308      291706386
         210308      291753556
         210308      292044578
         210308      292220972
         210308      292317923
         210308      292367101
         210308      292624592
         210308      292653418
         210308      292764818
         210308      293002766
         210308      293214893
         210308      293321229
         210308      293388770
         210308      293813434
         210308      293964755
         210308      294151654
         210308      294164325
         210308      294407982
         210308      294660130
         210308      295288678
         210308      295357303
         210308      295615538
         210308      295617264
         210308      295649022
         210308      295681314
         210308      295844427
         210308      296214183
         210308      296383821
         210308      296455420
         210308      296700809
         210308      296834730
         210308      297084099
         210308      297255363
         210308      297429585
         210308      297438480
         210308      297566722
         210308      297632323
         210308      298080754
         210308      298863064
         210308      298867945
         210308      298960532
         210308      299607081
         210308      299647531
         210308      299718665
         210308      299907610
         210308      299918140
         210308      300068198
         210308      300411419
         210308      300653486
         210308      300766363
         210308      301117488
         210308      301262787
         210308      301779296
         210308      302016526
         210308      302063332
         210308      302481894
         210308      302830760
         210308      302849788
         210308      303232465
         210308      303388428
         210308      303461686
         210308      303674909
         210308      303721417
         210308      303927577
         210308      303929946
         210308      304078300
         210308      304174382
         210308      304181775
         210308      304185289
         210308      304245222
         210308      304337693
         210308      304586014
         210308      305022717
         210308      305037543
         210308      305194947
         210308      305319409
         210308      305783771
         210308      305978465
         210308      306091460
         210308      306289221
         210308      306333530
         210308      306336600
         210308      306410740
         210308      306471329
         210308      306535380
         210308      306678371
         210308      306685378
         210308      306714875
         210308      307087047
         210308      307163461
         210308      307354155
         210308      307460441
         210308      307832121
         210308      308274955
         210308      308661374
         210308      309078169
         210308      309085939
         210308      309140159
         210308      309193507
         210308      309225254
         210308      309413141
         210308      309473398
         210308      309517208
         210308      309519378
         210308      309704701
         210308      309775442
         210308      309786659
         210308      309866716
         210308      309944821
         210308      309975179
         210308      310131886
         210308      310152751
         210308      310301781
