#Run	Event
200965	1350520
200965	1926202
200965	2097663
200965	5476070
200965	7498166
200967	3389372
200967	3476101
200967	3827979
200967	4130900
200967	4215827
200967	4387309
200967	4481184
200967	5361750
200967	5931081
200967	6023674
200967	6683968
200967	8224637
200967	8551616
200967	9269552
200967	9615787
200967	10290356
200967	10631941
200967	11166937
200967	11181028
200967	11450937
200967	11653132
200967	12037636
200967	13196204
200967	13221043
200967	13541364
200967	13755843
200967	13878460
200967	14091559
200967	14125164
200967	14414998
200967	14870439
200967	15012795
200967	15155940
200967	16447254
200967	16519655
200967	16593440
200967	17620136
200967	17770457
200967	17781224
200967	17903596
200967	17922429
200967	17948596
200967	18752190
200967	19902622
200967	20419718
200967	20573538
200967	20768468
200967	20829432
200967	20994144
200967	21066732
200967	21899471
200967	23152462
200967	23527705
200967	23773495
200967	26751518
200967	27204943
200967	35032568
200967	35423092
200967	35575124
200967	36091465
200967	37630375
200967	39035423
200967	40780195
200967	40962335
200967	46137907
200967	46199879
200967	46471947
200967	47351471
200967	47395444
200967	48152413
200967	49346551
200967	50012102
200967	50257360
200967	50379132
200967	50526330
200967	51456266
200967	51739478
200967	51746304
200967	52250836
200967	52856181
200967	53038715
200967	53761736
200967	53902893
200967	54210721
200967	54397689
200967	54921700
200967	54947259
200967	56439513
200967	56464551
200967	56910467
200967	57130587
200967	57562839
200967	57861082
200967	59371963
200967	60248849
200967	60424218
200967	60656151
200967	61447005
200967	61653489
200967	61856325
200967	61954453
200967	62439286
200967	63554345
200967	65139871
200967	65164141
200967	65602918
200967	65684093
200967	65786098
200967	66553945
200967	67357157
200967	67390836
200967	67425566
200967	67451462
200967	68621524
200967	70095687
200967	70232110
200967	70290317
200967	71887884
200967	72573500
200967	73440348
200967	73930959
200967	74804363
200967	75389292
200967	76043837
200967	76382568
200967	76496822
200967	76724987
200967	77424824
200967	77428155
200967	77735493
200967	78243886
200967	78429689
200842	23801153
201489	189047
201489	342503
201489	396241
201489	724954
201489	842653
201489	915166
201489	917140
201489	1073962
201489	1177167
201489	1264103
201489	1391894
201489	1793513
201489	1966034
201489	2149794
201489	2380404
201489	2410786
201489	2449435
201489	2512036
201489	2680145
201489	2683067
201489	2746739
201489	2797708
201489	2888266
201489	2968469
201489	3083134
201489	3122943
201489	3554400
201489	4037707
201489	4066965
201489	4287687
201489	4584282
201489	4817002
201489	5018941
201489	5031382
201489	5095007
201489	5381145
201489	5441262
201489	5463076
201489	5512669
201489	5670575
201489	5769811
201489	5905365
201489	6057676
201489	6118354
201489	6230121
201489	6334815
201489	6488784
201489	6705713
201489	6945304
201489	6974731
201489	7005053
201489	7101163
201489	7109881
201489	7219051
201489	7543614
201489	7560393
201489	7661545
201489	8220705
201489	8257101
201489	8335768
201489	8367575
201489	8393495
201489	8458913
201489	8563394
201489	8655493
201489	8995641
201489	9024455
201489	9151682
201489	9155616
201489	9265481
201489	9512622
201489	9736250
201489	9959722
201489	10032618
201489	10079603
201489	10158573
201489	10355953
201489	10367597
201489	10505033
201489	10522327
201489	10746526
201489	10878717
201489	11167835
201489	11355383
201489	11638400
201489	11642520
201489	11746763
201489	11914217
201489	12076090
201489	12177171
201489	12294264
201489	12483478
201489	12505685
201489	12789711
201489	12845030
201489	12945331
201489	13119542
201489	13297613
201489	13444999
201489	13734956
201489	13781596
201489	13808369
201489	13920725
201489	14343585
201489	14349135
201489	14351596
201489	14600471
201489	14688672
201489	14800531
201489	15259559
201489	15378364
201489	15590994
201489	15615423
201489	15782825
201489	15819061
201489	16107062
201489	16233654
201489	16690729
201489	16703714
201489	16813914
201489	16894835
201489	17009317
201489	17049344
201489	17134853
201489	17190647
201489	17357647
201489	17638535
201489	17797494
201489	18107185
201489	18445658
201489	18455839
201489	18464513
201489	18568182
201489	18622805
201489	19096070
201489	19110708
201489	19141272
201489	19228745
201489	19280314
201489	19330880
201489	19935401
201489	19975796
201489	20059296
201489	20139969
201489	20141463
201489	20437455
201489	20512057
201489	20548056
201489	20575930
201489	20581685
201489	20675055
201489	20685657
201489	20707874
201489	20757664
201489	20990689
201489	21429449
201489	21429503
201489	21646196
201489	21803020
201489	21835801
201489	22183139
201489	22334934
201489	22339425
201489	22382993
201489	22545191
201489	22576209
201489	22713586
201489	23630276
201489	23652758
201489	23731562
201489	23916130
201489	24324110
201489	24404604
201489	24626861
201489	24784445
201489	25186641
201489	25206063
201489	25400555
201489	25402110
201489	25633258
201489	25664256
201489	25891247
201489	26033660
201489	26224635
201489	26679087
201489	26697986
201489	26706493
201489	26762668
201489	26907208
201489	26988548
201489	27018319
201489	27112243
201489	27438021
201489	27458237
201489	27649196
201489	27940628
201489	28065595
201489	28396317
201489	28570498
201489	28576265
201489	28631742
201489	28654729
201489	28896067
201489	29014976
201489	29325347
201489	29367689
201489	29430845
201489	29682002
201489	29714942
201489	29889391
201489	30167461
201489	30186851
201489	30620434
201489	31070418
201489	31525791
201489	31567181
201489	31592679
201489	31934243
201489	31988086
201489	32299692
201489	32349100
201489	32436130
201489	32445029
201489	32551498
201489	32648291
201489	32780633
201489	32836063
201489	33363771
201489	33364250
201489	33417723
201489	33521608
201489	33527806
201489	33531221
201489	33823555
201489	33915848
201489	34207303
201489	34220155
201489	34223646
201489	34226535
201489	34900055
201489	35249977
201489	35357096
201489	35413851
201489	35438847
201489	35586549
201489	35747617
201489	35846967
201489	36015259
201489	36179204
201489	36298895
201489	36861718
201489	36918517
201489	36921461
201489	37010037
201489	37134707
201489	37296378
201489	37327261
201489	37382976
201489	37537259
201489	37640044
201489	37808823
201489	37853311
201489	38071811
201489	38319434
201489	38419424
201489	38549712
201489	38649320
201489	39155413
201489	39268308
201489	39272153
201489	39428848
201489	39580619
201489	39776958
201489	39874051
201489	40142084
201489	40465478
201489	40683628
201489	40725976
201489	40780791
201489	41321324
201489	42076545
201489	42368787
201489	42403478
201489	42462856
201489	42505182
201489	43256089
201489	43260986
201489	43266349
201489	43299170
201489	43382243
201489	43438951
201489	43589855
201489	44489180
201489	44657795
201489	45122289
201489	45151171
201489	45226497
201489	45879687
201489	45986052
201489	46230616
201489	46302493
201489	46328610
201489	46400443
201489	46453360
201489	46590682
201489	47212577
201489	47377679
201489	47877646
201489	47966854
201489	47970447
201489	47982374
201489	47990985
201489	48054300
201489	48332389
201489	48369020
201489	48742136
201489	49019079
201489	49185131
201489	49187916
201489	49336082
201489	49349787
201489	49944674
201489	49958763
201489	49990827
201489	50229646
201489	50244042
201489	50432469
201489	51309752
201489	51391909
201489	51549789
201489	51779399
201489	52028692
201489	52108218
201489	52164623
201489	52208722
201489	52863604
201489	53004141
201489	53077451
201489	53324540
201489	53702338
201489	53708565
201489	53847521
201489	53938863
201489	54024837
201489	54086758
201489	54161340
201489	54252578
201489	54252916
201489	54254722
201489	54626062
201489	54631713
201489	55056382
201489	55458637
201489	55777326
201489	56042842
201489	56131723
201489	56703680
201489	56819005
201489	56868217
201489	57402172
201489	57594119
201489	57619376
201489	57619777
201489	58218258
201489	58575806
201489	58802136
201489	59290435
201489	59508732
201489	59649525
201489	59769783
201489	60158949
201489	60455072
201489	60671219
201489	60825370
201489	60866619
201489	60883456
201489	60956476
201489	60971891
201489	61098503
201489	61200437
201489	62034620
201489	62595030
201489	62938424
201489	63396974
201489	63521968
201489	63595965
201489	63612211
201489	63679744
201489	64429002
201489	64599897
201489	64765207
201489	65090914
201489	65136306
201489	65147299
201489	65613470
201489	65634025
201489	65974902
201489	66544739
201489	66653361
201489	66774400
201489	66902482
201489	67022837
201489	67421906
201489	67533576
201489	67688024
201489	67758068
201489	68531369
201489	68548635
201489	68582466
201489	68920021
201489	68934599
201489	68939991
201489	69418798
201489	69484526
201489	69582352
201489	69603718
201489	69741040
201489	69955220
201489	69997712
201489	70127140
201489	70157833
201489	70552985
201489	70747381
201489	70818659
201489	71534120
201489	72252038
201489	72261611
201489	72378209
201489	72575980
201489	72636368
201489	72657197
201489	72994805
201489	73096056
201489	73135835
201489	73272877
201489	73711112
201489	73757769
201489	74054541
201489	74078871
201489	74137253
201489	74242070
201489	74352457
201489	74611904
201489	74728267
201489	74827111
201489	74852125
201489	74881231
201489	74881997
201489	74887986
201489	75095670
201489	75112443
201489	75625067
201489	75748001
201489	76988536
201489	77287880
201489	77429633
201489	77518821
201489	77558795
201489	77629060
201489	77855442
201489	77886816
201489	78067060
201489	78124722
201489	78315954
201489	78330342
201489	78352798
201489	79023062
201489	79618519
201489	79702917
201489	79748087
201489	80009222
201489	80134731
201489	80578297
201489	80774908
201489	80877822
201489	81611676
201489	82204784
201489	82481646
201489	82648879
201489	82750809
201489	82929204
201489	83716175
201489	83943077
201489	84162349
201489	84487856
201489	84747896
201489	84948668
201489	85059541
201489	85166931
201489	85304207
201489	85384432
201489	85429556
201489	85666262
200982	1520232
200982	4552633
200982	6839323
200982	6919466
200982	8865480
200982	9585372
200982	11040338
200982	11519665
200982	11550742
200982	12051045
200982	12447343
200982	14221016
200982	14291434
200982	15560458
200982	15575019
200982	16407222
200982	17135082
200982	18110359
201113	3507386
201113	3830381
201113	3902518
201113	3965593
201113	4118080
201113	4159316
201113	4214143
201113	4240474
201113	4292085
201113	4596205
201113	5447105
201113	5462396
201113	5636167
201113	5801893
201113	6451173
201113	6461164
201113	7009216
201113	8331738
201113	8387616
201113	9360921
201113	9373904
201113	9708019
201113	9815972
201113	10003392
201113	10057425
201113	10120172
201113	10186077
201113	10564957
201113	10655400
201113	11123098
201113	11171978
201113	11352405
201113	11432171
201113	11548178
201113	11887422
201113	11955443
201113	12472666
201113	12631444
201113	12756910
201113	13052000
201113	13179642
201113	13255678
201113	13592707
201113	13666120
201113	13968342
201113	14900987
201113	16041604
201113	16233400
201113	16332358
201113	16701420
201113	16974448
201113	17032491
201113	17037409
201113	17177573
201113	17507300
201113	17572078
201113	17737651
201113	17754096
201113	17832306
201113	18126925
201113	18175702
201113	18307550
201113	19145583
201113	19520672
201113	19543035
201113	19663277
201113	19910634
201113	20086641
201113	20170284
201113	20450597
201113	20669734
201113	20921738
201113	21239844
201113	21362365
201113	21372957
201113	21428146
201113	21443147
201113	21768510
201113	21917088
201113	22045747
201113	22320542
201113	22531907
201113	22715924
201113	22878816
201113	22896980
201113	22925800
201113	22982893
201113	23094294
201113	23505225
201113	23700351
201113	23846732
201113	23877778
201113	23894164
201113	24052398
201113	24300972
201113	24911769
201113	25105053
201113	25253389
201113	25422455
201113	25761945
201113	25923411
201113	25930281
201113	25948975
201113	26057525
201113	26089393
201113	26648422
201113	26888913
201113	27215295
201113	27682185
201113	27722201
201113	27877062
201113	27899577
201113	27905539
201113	27957756
201113	28000246
201113	28087888
201113	28593640
201113	28689065
201113	28828300
201113	29024885
201113	29151182
201113	29176407
201113	29412795
201113	30165927
201113	30187959
201113	30292766
201113	30425407
201113	31270026
201113	31324538
201113	31425972
201113	31456941
201113	31543186
201113	31710394
201113	31764222
201113	31781440
201113	31866397
201113	32345849
201113	32552656
201113	32706558
201113	32721611
201113	32763784
201113	32837517
201113	32903887
201113	33070906
201113	33116488
201113	33150306
201113	33192867
201113	33337122
201113	33976241
201113	34651638
201113	34776723
201113	35106111
201113	35324904
201113	35330427
201113	35425445
201113	35571698
201113	35666844
201113	36090033
201113	36092275
201113	36120005
201113	36533723
201113	36706495
201113	36808825
201113	37086236
201113	37221343
201113	37278051
201113	38031759
201113	38150996
201113	38829811
201113	38963696
201113	39043995
201113	39133090
201113	39158916
201113	39608060
201113	39982561
201113	40134351
201113	40938674
201113	41115629
201113	41176737
201113	41370401
201113	41667437
201113	41721097
201113	42001113
201113	42353767
201113	42571648
201113	42950889
201113	43008659
201113	43264758
201113	43439179
201113	43522780
201113	43559645
201113	43594338
201113	43713337
201113	43852127
201113	44075194
201113	45426021
201113	45683500
201113	45724020
201113	46081371
201113	46516085
201113	46692740
201113	46918128
201113	46978820
201113	47564587
201113	47606427
201113	47647653
201113	47773983
201113	48298106
201113	48547948
201113	48804073
201113	49479300
201113	49513213
201113	49818890
201113	50099586
201113	50736661
201113	50770013
201113	51117673
201113	51136015
201113	51187396
201113	51694699
201113	52113831
201113	52207623
201113	52926065
201113	53013248
201113	53594933
201113	53630547
201113	53702751
201113	53990462
201113	54273110
201113	55053486
201113	55055618
201113	55102058
201113	55127632
201113	55178450
201113	55311855
200987	1108819
200987	1363203
200987	2088005
200987	2922676
200987	2935953
200987	3046552
200987	3193385
200987	3389369
200987	3434882
200987	3782331
200987	3824236
200987	3916444
200987	4045777
200987	4304975
200987	4647857
200987	4698990
200987	4786931
200987	6038788
200987	6548401
200987	6779967
200987	6819876
200987	7065781
200987	7214107
200987	7480092
200987	7526413
200987	8101015
200987	8346748
200987	8971368
200987	9321533
200987	9439811
200987	9966664
200987	10031593
200987	10378193
200987	10935610
200987	11081679
200987	11453165
200987	12432093
200987	12626601
200987	12982693
200987	13086349
200987	13233952
200987	13924132
200987	14099440
200987	14127611
200987	14144992
200987	14494372
200987	14643272
200987	14848592
200987	15048831
200987	15187639
200987	15196621
200987	15244378
200987	15606362
200987	15746791
200987	15834821
200987	16160385
200987	16291516
200987	16826880
200987	16963298
200987	17146124
200987	17207902
200987	17622623
200987	17632302
200987	18245015
200987	18779350
200987	18986257
200987	19052547
200987	19208188
200987	19343277
200987	19514116
200987	20062648
200987	20187890
200987	20599706
200987	20638435
200987	21224139
200987	21246148
200987	21258814
200987	21269171
200987	21629094
200987	21713796
200987	21716042
200987	21742598
200987	21754303
200987	21818194
200987	22004181
200987	22204902
200987	22356920
200987	22443693
200987	22457417
200987	22564432
200987	22764786
200987	22899296
200987	22969283
200987	23305936
200987	23563842
200987	23632794
200987	23843919
200987	23872733
200987	24155465
200987	24325844
200987	24515338
200987	24820663
200987	24953648
200987	25904517
200987	25988618
200987	26100602
200987	26100739
200987	26232261
200987	26622748
200987	26660850
200987	26886431
200987	27068868
200987	27255484
200987	27369091
200987	27817314
200987	27877183
200987	28146425
200987	28193159
200987	28702144
200987	29245854
200987	29592984
200987	29638561
200987	29926154
200987	30352931
200987	30712141
200987	30894463
200987	31252061
200987	31281204
200987	31523318
200987	31553394
200987	32063630
200987	32174607
200987	32196648
200987	32218346
200987	32311094
200987	32338187
200987	32492471
200987	33152932
200987	33218075
200987	33286819
200987	33324640
200987	33364653
200987	33400730
200987	33810588
200987	33839381
200987	34342632
200987	34846923
200987	34916212
200987	35015005
200987	35273828
200987	35356585
200987	35384395
200987	36554809
200987	36739593
200987	36757080
200987	37423441
200987	37485017
200987	37721731
200987	37869455
200987	37996333
200987	38258830
200987	38380648
200987	38590702
200987	38628937
200987	38769549
200987	38825089
200987	38986797
200987	39258653
200987	39369249
200987	39692622
200987	39867569
200987	40222624
200987	40255436
200987	40282614
200987	40966919
200987	41101383
200987	41143927
200987	41181705
200987	42132812
200987	42144152
200987	42212214
200987	43498472
200987	43507682
200987	43876254
200987	45658330
200987	46134401
200987	46172341
200987	46878584
200987	46984641
200987	47209292
200987	47671247
200987	48080901
200987	48246227
200987	48779168
200987	48802997
200987	48858630
200987	48901954
200987	48985865
200987	49066200
200987	49081829
200987	49138386
200987	49880493
200987	50046804
200987	50080252
200987	50196641
200987	50568713
200987	50630937
200987	50641373
200987	50993147
200987	51034819
200987	51156483
200987	51637742
200987	51816682
200987	52064259
200987	52101510
200987	52305456
200987	52334086
200987	52534431
200987	52929788
200987	53262600
200987	53582205
200987	53662370
200987	53741701
200987	53812047
200987	53949570
200987	53965281
200987	54665785
200987	54718930
200987	54799964
200987	54863814
200987	55236910
200987	55249115
200987	55270449
200987	55600736
200987	55908147
200987	56359988
200987	56719315
200987	57080574
200987	57202794
200987	57321588
200987	57516688
200987	58011218
200987	58044179
200987	58141588
200987	58242419
200987	58319360
200987	58451265
200987	58609055
200987	58620541
200987	58640461
200987	58941398
200987	59381199
200987	60140650
200987	60385485
200987	60536115
200987	60774488
200987	61110741
200987	61455794
200987	61613075
200987	61775707
200987	61881887
200987	62256879
200987	62786527
200987	63106156
200987	63386731
200987	63442962
200987	63477582
200987	63580671
200987	63760955
200987	63805714
200987	64020680
200987	64109375
200987	64469239
200987	64596161
200987	64706233
200987	64720835
200987	64879280
200987	64962700
200987	65326222
200987	65455487
200987	65576117
200987	65598043
200987	65696816
200987	66131385
200987	66423382
200987	66535303
200987	66812466
200987	66985297
200987	67009956
200987	67262918
200987	67264351
200987	67428172
200987	67595065
200987	67772900
200987	68206238
200987	68765447
200987	68854213
200987	69131588
200987	69249123
200987	69410157
200987	69520468
200987	70128205
200987	70143550
200987	70218865
200987	70342460
200987	70462313
200987	70462433
200987	70680294
200987	70838806
200987	71132127
200987	71504699
200987	71535422
200987	71620885
200987	72441727
200987	73064456
200987	73073303
200987	73437140
200987	73518708
200987	73915835
200987	74367308
200987	74460089
200987	74505116
200987	75239898
200987	75812347
200987	76368527
200987	76495978
200987	76525633
200987	76997327
200987	77041531
200987	77423996
200987	77437665
200987	77569780
200987	77602111
200987	77802605
200987	78604696
200987	78799381
200987	78835770
200987	78891909
200987	78988167
200987	79198144
200987	79447835
200987	79531121
200987	79877991
200863	1428394
200863	4514688
200863	5318710
200863	6051849
200863	7438854
200863	8297008
200863	8922237
200863	10571657
200863	10714542
200863	12960005
200863	13073175
200863	14972692
200863	15737648
200863	16289924
200863	17557828
200863	17682844
200863	18565084
200863	18653587
200863	19538435
200863	19907134
200863	20199590
200863	22293891
200863	23500896
200863	23849334
201120	4843622
201120	4948203
201120	4973101
201120	5197584
201120	5466294
201120	5835200
201120	5964428
201120	6045953
201120	6589761
201120	7467655
201120	7503831
201120	7600300
201120	7738300
201120	7868352
201120	8775992
201120	8842886
201120	8947785
201120	9286961
201120	9329614
201120	9362542
201120	11020692
201120	11326401
201120	11666408
201120	11817991
201120	12288814
201120	12491939
201120	12640969
201120	13393189
201120	13396793
201120	13508601
201120	13778502
201120	13801983
201120	13841384
201120	14351225
201120	14405488
201120	14531163
201120	14816772
201120	14923170
201120	15449166
201120	15547424
201120	15853341
201120	16054536
201120	16642948
201120	16750746
201120	17270884
201120	17498657
201120	17499048
201120	17708878
201120	18044220
201120	18116245
201120	18501789
201120	18767080
201120	18827648
201120	19432598
201120	19804922
201120	19907622
201120	20385009
201120	20603986
201120	21066117
201120	21399955
201120	21840336
201120	21887383
201120	22526862
201120	22560598
201120	22808675
201120	22901654
201120	22945288
201120	23011390
201120	23316140
201120	23509536
201120	24128193
201120	24186691
201120	24204567
201120	24305079
201120	24380783
201120	24874715
201120	24951412
201120	25114016
201120	25425566
201120	25650494
201120	25843537
201120	26253955
201120	26432751
201120	26645019
201120	26681316
201120	27006692
201120	27256149
201120	27380151
201120	27427700
201120	27948271
201120	28619429
201120	28623559
201120	28834019
201120	28925687
201120	29029821
201120	29045287
201120	29130490
201120	29268071
201120	29452095
201120	29856571
201120	29975031
201120	30404150
201120	30688872
201120	30695410
201120	30752007
201120	31265986
201120	31380406
201120	31537430
201120	31707621
201120	31768324
201120	31832740
201120	32318075
201120	32592438
201120	32654012
201120	32968885
201120	33698966
201120	33751186
201120	33779221
201120	33794490
201120	33874907
201120	34258557
201120	34284151
201120	34602033
201257	6042241
201257	6277230
201257	6383480
201257	6462757
201257	6545712
201257	6611306
201257	6691367
201257	6694581
201257	7029358
201257	7340525
201257	7462316
201257	7651312
201257	8024628
201257	8291727
201257	8382981
201257	8415626
201257	8429169
201257	8635283
201257	9082505
201257	9390606
201257	9528900
201257	9629224
201257	9709015
201257	9945206
201257	10025781
201257	10140533
201257	10342920
201257	10650116
201257	10676529
201257	10857857
201257	11090577
201257	11645765
201257	11730633
201257	11772609
201257	12096749
201257	12220621
201257	12810184
201257	12999333
201257	13186299
201257	13271783
201257	13314832
201257	13505370
201257	13675525
201257	13982314
201257	14035276
201257	14381143
201257	14471649
201257	14558050
201257	15030435
201257	15341140
201257	15383677
201257	15404477
201257	15409219
201257	15474701
201257	15567687
201257	15579472
201257	15656487
201257	15772553
201257	15782454
201257	15821190
201257	15868721
201257	16109459
201257	16112086
201257	16244048
201257	16636473
201257	16721464
201257	16863556
201257	17017881
201257	17301159
201257	17320428
201257	17397438
201257	17401597
201257	17404881
201257	17439272
201257	17550971
201257	18004638
201257	18155705
201257	18226971
201257	18330662
201257	18624028
201257	18814090
201257	18822299
201257	18933810
201257	18942271
201257	19333688
201257	19394497
201257	19578162
201257	19761816
201257	19924374
201257	19977545
201257	20081023
201257	20222368
201257	20316244
201257	20330461
201257	20384156
201257	20539987
201257	20570784
201257	20658827
201257	20685798
201257	20800319
201257	21138152
201257	21222803
201257	21313743
201257	22414026
201257	22525084
201257	23190312
201257	23257423
201257	23277983
201257	23549949
201257	23671282
201257	23871009
201257	23874920
201257	23881000
201257	23905835
201257	23915652
201257	23994970
201257	24224054
201257	24475495
201257	24619687
201257	24626677
201257	25309030
201257	25412830
201257	25430252
201257	25590588
201257	25595873
201257	25990258
201257	26130136
201257	26382924
201257	26571096
201257	26590743
201257	26670593
201257	26910660
201257	26974432
201257	27020495
201257	27403854
201257	27421492
201257	27520672
201257	27803576
201257	27943853
201257	27960695
201257	28005853
201257	28109621
201257	28265017
201257	28269459
201257	28475083
201257	28486300
201257	28505393
201257	28518824
201257	28657377
201257	28746336
201257	28928667
201257	29177076
201257	29208145
201257	29212452
201257	29406066
201257	29461615
201257	29552730
201257	29559413
201257	29615702
201257	29830873
201257	29863111
201257	29925963
201257	30041456
201257	30061867
201257	30118225
201257	30271411
201257	30297772
201257	30430097
201257	30783809
201257	30893364
201257	31334487
201257	31382361
201257	31433028
201257	31560101
201257	31804981
201257	32101578
201257	32217676
201257	32454618
201257	32640720
201257	32760126
201257	33027107
201257	33169039
201257	33286196
201257	33416425
201257	33572888
201257	34930954
201257	35495466
201257	35837880
201257	36274152
201257	37178274
201257	37249694
201257	37433637
201257	37578555
201257	37923991
201257	37926567
201257	38209521
201257	38217295
201257	38256372
201257	38912583
201257	39222743
201257	39309289
201257	39321485
201257	39801035
201257	39828857
201257	39963629
201257	40079439
201257	40148119
201257	40407516
201257	40476126
201257	41036881
201257	41207518
201257	41433789
201257	41566472
201257	42051494
201257	42121312
201257	42200076
201257	42407642
201257	42602229
201257	43220205
201257	43838967
201257	43948583
201257	43999078
201257	44064631
201257	44138034
201257	44258227
201257	44415958
201257	44611141
201257	44848458
201257	44897061
201257	45405581
201257	45542962
201257	45793101
201257	46123723
201257	46517330
201257	46667922
201257	47110130
201257	47281960
201257	48051789
201257	48220825
201257	48595461
201257	48647812
201257	48845068
201257	49405949
201257	49444087
201257	49665243
201257	49725090
201257	50339042
201257	50675029
201257	50702371
201257	50985656
201257	51018874
201257	51245564
201257	51766274
201257	51876425
201257	51918143
201257	51961461
201257	52185449
201257	52291815
201257	52352145
201257	52355385
201257	52671847
201257	52742229
201257	52916464
201257	53000310
201257	53051386
201257	53076193
201257	53470876
201257	54399288
201257	54634301
201257	55381878
201257	55846777
201257	55853012
201257	55903207
201257	56020858
201257	56150141
201257	56973498
201257	57406175
201257	57452936
201257	57689064
201257	57764988
201257	57913079
201257	57941666
201257	57973300
201257	58027204
201257	58213816
201257	58329119
201257	58410255
201257	58461500
201257	58503972
201257	58689474
201257	58739889
201257	59153718
201257	59204486
201257	59656436
201257	59825538
201257	59892946
201257	59944934
201257	60116446
201257	60178399
201257	60239914
201257	60876888
201257	61047831
201257	61295712
201257	61358997
201257	61438896
201257	61472997
201257	62157338
201257	62181798
201257	62209016
201257	62370381
201257	62432207
201257	62541290
201257	62828472
201257	63129692
201257	63264210
201257	63395482
201257	63595017
201257	64004415
201257	64527280
201257	64673028
201257	64710538
201257	65479439
201257	65488120
201257	65549193
201257	65554982
201257	65782289
201257	65833799
201257	66034686
201257	66084566
201257	66277009
201257	66452710
201257	66475479
201257	67002597
201257	67005176
201257	67035062
201257	67151648
201257	67198288
201257	67228177
201257	67296308
201257	67667854
201257	67726249
201257	67740792
201257	67897208
201257	67921746
201257	67924543
201257	67959791
201257	68216673
201257	68405605
201257	69270646
201257	69340388
201257	69609193
201257	69807397
201257	69848389
201257	69940092
201257	70039814
201257	70563792
201257	70818083
201257	71012258
201257	71146671
201257	71605238
201257	71733501
201257	71943050
201257	72170443
201257	72255385
201257	72272970
201257	72374604
201257	72496273
201257	73161499
201257	73175220
201257	73208425
201257	73491748
201257	73517695
201257	73552818
201257	73658159
201257	73849751
201257	74242349
201257	74304153
201257	74436769
201257	74443022
201257	74786796
201257	75076426
201257	75337179
201257	75378104
201257	75390258
201257	75442392
201257	75777868
201257	76325687
201257	76517446
201257	76563948
201257	76676009
201257	76794080
201257	76840229
201257	77392054
201257	77537193
201257	77567730
201257	77673699
201257	77804823
201257	77941634
201257	78484221
201257	78523572
201257	78931389
201257	79451812
201257	79691065
201257	79721889
201257	79851582
201257	79879409
201257	79943037
201257	80306870
201257	80389391
201257	80435378
201257	80663081
201257	80678260
201257	80833559
201257	80852668
201257	80930305
201257	80983758
201257	81168677
201257	81314823
201257	81374505
201257	81647424
201257	81832133
201257	82193998
201257	82307663
201257	82965410
201257	83333011
201257	83428436
201257	83757878
201257	83950422
201257	84029223
201257	84221585
201257	84271031
201257	84453264
201257	84503826
201257	84767248
201257	85087610
201257	85474868
201257	85760517
201257	85763707
201257	85826261
201257	86003912
201257	86110652
201257	86150187
201257	86381668
201257	86773972
201257	87036304
201257	87082538
201257	87404338
201257	87468721
201257	87579781
201257	87869809
201257	87999387
201257	88789881
201257	88826602
201257	89289176
201257	89500707
201257	89512841
201257	89537065
201257	89712981
201257	89747904
201257	90040710
201257	90457362
201257	90943569
201257	91311863
201257	91348271
201257	91364191
201257	91615654
201257	91617716
201257	91700645
201257	91733630
201257	91804677
201257	91899621
201257	91995897
201257	92145156
201257	92198779
201257	92279629
201257	92332860
201257	92386297
201257	92457734
201257	92882027
201257	92955860
201257	92956527
201257	93118657
201257	93559854
201257	93903046
201257	93937020
201257	94049630
201257	94252330
201257	94350613
201257	94621530
201257	94666513
201257	94831137
201257	95360785
201257	95414752
201257	95510485
201257	95881998
201257	96212703
201257	96331623
201257	96576388
201257	97222078
201257	97258141
201257	97442374
201257	98419569
201257	98457333
201257	98710669
201257	98939830
201257	99447416
201257	99570479
201257	99917995
201257	99921011
201257	99985489
201257	100132022
201257	100168173
201257	100443560
201257	100642745
201257	100815464
201257	101039601
201257	101045789
201257	101202229
201257	101419673
201257	101627997
201257	101672217
201257	102333337
201257	102610638
201257	102728760
201257	102904782
201257	103332184
201257	103562358
201257	103681422
201257	103788309
201257	103925375
201257	104044082
201257	104318226
201257	104693514
201257	104740211
201257	104907356
201257	104932653
201257	104950859
201257	105039242
201257	105050297
201257	105241152
201257	105247923
201257	105600268
201257	105605144
201257	105764050
201257	106262778
201257	106281480
201257	106755362
201257	106876857
201257	108394567
201257	108460261
201257	108529511
201257	108874648
201257	109278643
201257	109818339
201257	110186691
201257	110226799
201257	110243222
201257	110402801
201257	110407413
201257	110775371
201257	110911262
201257	110990757
201257	111167666
201257	111200505
201257	111458512
201257	111519173
201257	111825479
201257	112417127
201257	113526751
201257	113652817
201257	114383581
201257	114422086
201257	114606948
201257	114619135
201257	114766174
201257	115242195
201257	115539459
201257	115926429
201257	116310483
201257	116613632
201257	116873865
201257	117481588
201257	117851811
201257	117928433
201257	118275755
201257	118661937
201257	118720322
201257	118792879
201257	118794499
201257	119448409
201257	120558146
201257	121879976
201257	121923494
201257	121972523
201257	122015674
201257	122078733
201257	122733529
201257	123008180
201257	123226054
201257	123245919
201257	123454026
201257	123846520
201257	123884608
201257	124091675
201257	124807466
201257	125702982
201257	125827906
201257	125945024
201257	126335553
201257	126408624
201257	126437849
201257	126516663
201257	126682019
201257	126787319
201257	126850976
201257	127155645
201257	127191580
201257	127645309
201257	127710714
201257	128097307
201257	128160515
201006	2359614
201006	2410611
201006	2446530
201006	2488312
201006	2729451
201006	3090426
201006	3780485
201006	3811870
201006	3838433
201006	3939697
201006	4099984
201006	4101975
201006	4258055
201006	4568159
201006	4603816
201006	4641467
201006	4916586
201006	5051744
201006	5259197
201006	5996151
201006	6060359
201006	6269559
201006	7074641
201006	7133839
201006	7353682
201006	7819890
201006	7966062
201006	8177580
201006	8229334
201006	8525643
201006	8545446
201006	8659092
201006	8721151
201006	8803098
201006	8933375
201006	9342311
201006	10033319
201006	10271686
201006	10607702
201006	10910822
201006	11004838
201006	11921368
201006	12280197
201006	12478461
201006	13142016
201006	13163662
201006	13211897
201006	14398804
201006	14540430
201006	14761527
201006	14846034
201006	14938352
201006	14947100
201006	15035189
201006	15224568
201006	15478237
201006	15617712
201006	15840303
201006	16392885
201006	16648815
201006	16725057
201006	17011535
201006	17266494
201006	17274531
201006	17698668
201006	17751922
201006	18546251
201006	18598765
201006	18694521
201006	19099157
201006	19569552
201006	20012205
201006	20857194
201006	21159238
201006	21216276
201006	21396861
201006	21401709
201006	22172919
201006	22407189
201006	22482040
201006	22845925
201006	23021824
201006	23175514
201006	23188871
201006	23213668
201006	23304719
201006	23348204
201006	23532645
201006	23615629
201006	24022790
201006	24118431
201006	24163378
201006	25017524
201006	25334787
201006	25547972
201006	25640788
201006	25881471
201006	26130082
201006	26653124
201006	26656614
201006	26696615
201006	26812055
201006	26913265
201006	27675724
201006	27728424
201006	27796422
201006	27900879
201006	28280663
201006	28370744
201006	28855973
201006	28956037
201006	29007114
201006	29667357
201006	29946916
201006	30165995
201006	30222619
201006	30233434
201006	30430293
201006	30518994
201006	30957591
201006	31135771
201006	31451748
201006	31491819
201006	31801880
201006	31816664
201006	32650433
201006	32923728
201006	33683137
201006	34247179
201006	34252649
201006	34590709
201006	34807644
201006	34883701
201006	35049274
201006	35097719
201006	35644859
201006	35747079
201006	36214413
201006	36399173
201006	36419951
201006	36593701
201006	36623918
201006	36877030
201006	37524786
201006	37636952
201006	37793608
201006	37974607
201006	38239347
201006	38371258
201006	38520059
201006	38568908
201006	38592730
201006	38614952
201006	38661864
201006	38830305
201006	39698965
201006	39743078
201006	40177246
201006	40390731
201006	40627335
201006	40738238
201006	40984143
201006	41006079
201006	41434562
201006	41452650
201006	41506873
201006	42087596
201006	42217624
201006	42232891
201006	42340631
201006	42487735
201006	42589677
201006	42756739
201006	42851951
201006	43314660
201006	43656870
201006	43729856
201006	43808626
201006	43947353
201006	44060586
201006	44137611
201006	44245794
201006	44594772
201006	44712643
201006	44721289
201006	44770294
201006	44889860
201006	45471199
201006	45617944
201006	45758279
201006	45983284
201006	45995484
201006	46100730
201006	46140491
201006	46243149
201006	46362411
201006	46395794
201006	46922106
201006	46998190
201006	47090106
201006	47246931
201006	47627652
201006	48459977
201006	48614752
201006	48752083
201006	48846152
201006	48880757
201006	49217396
201006	49369753
201006	49433834
201006	49462755
201006	49661370
201006	49724852
201006	49947355
201006	50005782
201006	50032956
201006	50387656
201006	50607327
201006	50805242
201006	50974796
201006	51094253
201006	51229771
201006	51332199
201006	51500129
201006	51816235
201006	52427792
201006	52499196
201006	52579574
201006	52588788
201006	52683059
201006	52687053
201006	52817473
201006	52867826
201006	53083083
201006	53155302
201006	53351825
201006	53543933
201006	53607087
201006	53611305
201006	53645012
201006	54666624
201006	54738050
201006	55276860
201006	55835763
201006	56335146
201006	56381471
201006	56491783
201006	56924788
201006	56932971
201006	57117378
201006	57161109
201006	57452765
201006	57930872
201006	57993609
201006	58318266
201006	58345190
201006	58419380
201006	58520976
201006	59149862
201006	59469508
201006	59505769
201006	59670239
201006	59694910
201006	59818867
201006	60166354
201006	60304132
201006	60307191
201006	60329057
201006	60507696
201006	60700433
201006	60823351
201138	4446880
201138	5003312
201138	5223800
201138	5586348
201138	5747052
201138	5794551
201138	5866415
201138	6641305
201138	6997594
201138	7228315
201138	7247139
201138	7281453
201138	7572994
201138	7743161
201138	7986403
201138	8267203
201138	8861093
201138	8878516
201138	9309277
201138	9357195
201138	9456548
201138	9659152
201138	9788080
201138	10059459
201138	10239324
201138	10268345
201138	10670952
201138	10945211
201138	11005198
201138	11125084
201138	11323774
201138	12225518
201138	12310108
201138	12588691
201138	13092579
201138	13356491
201138	13387129
201138	13759176
201138	13787222
201138	13819459
201138	13843142
201138	14066709
201138	14345132
201138	14732862
201138	14756094
201138	14944032
201138	15126227
201138	15274160
201138	15491932
201138	15701380
201138	15829612
201138	16269342
201138	16406904
201138	16765660
201138	17798873
201138	17993605
201138	17998228
201138	18360972
201138	18653617
201138	18714175
201138	18856790
201138	19228183
201138	19232029
201138	19240755
201138	19275940
201138	19297563
201138	19388210
201138	19399068
201138	19416293
201138	19487122
201138	19575820
201138	19972185
201138	20540982
201138	20756595
201138	20926900
201138	21440377
201138	21606119
201138	21931459
201138	22104567
201138	22303164
201138	22747509
201138	22860733
201138	22918998
201138	23032897
201138	23045685
201138	23102766
201138	23430116
201138	23474144
201138	23602096
201138	23828384
201138	23908354
201138	23975665
201138	24338392
201138	24519163
201138	25412232
201138	26124338
201138	26630236
201138	26641990
201138	26684434
201138	26712932
201138	26824193
201138	27443640
201138	27595255
201138	27646268
201138	28533518
201138	28769578
201138	29319194
201138	29560743
201138	29652674
201138	29661785
201138	30047135
201138	30300441
201138	30340827
201138	30632406
201138	31112627
201138	31190167
201138	31243228
201138	31336715
201138	31703974
201138	32500796
201138	32633664
201138	32724788
201138	32986116
201138	33711690
201138	34202726
201138	34474623
201138	34474707
201138	34759741
201138	35233303
201138	35528818
201138	35929151
201138	35978338
201138	36010428
201138	37038541
201138	37647995
201138	37984790
201138	38080676
201138	38437005
201138	38907657
201138	39005909
201138	39119949
201138	40087137
201138	40676116
201138	40685365
201138	40686746
201138	40828024
201138	41829512
201138	42223388
201138	42248490
201138	42746179
201138	42886425
201138	43029906
201138	43126377
201138	43772698
201138	44077713
201138	44226935
201138	44236389
201138	44919708
201138	45135751
201138	45185542
201138	45405482
201138	45442991
201138	45938417
201138	46371622
201138	46380054
201138	46531200
201138	46583512
201138	46675406
201138	46761746
201138	46834636
201138	46861288
201138	47330409
201138	47363640
201138	47459516
201138	47902068
201138	48266065
201138	48427575
201138	48481764
201138	48495153
201138	48652966
201138	49081023
201138	49107840
201138	49164518
201138	49859035
201138	49949482
201138	50413780
201138	50611923
201138	50710715
201138	50813969
201138	51201922
201138	51324394
201138	51447572
201138	51650318
201138	52040046
201138	52288862
201138	52310279
201138	52356592
201138	52584956
201138	52624172
201138	52651006
201138	52757160
201138	52879291
201138	52927531
201138	52974907
201138	53290752
201138	53498972
201138	53515485
201138	53518708
201138	54044368
201138	54480533
201138	54537124
201138	55061542
201138	55909496
201138	55959441
201138	56105382
201138	56145856
201138	56195392
201138	56301217
201138	56419819
201138	56627309
201138	56951031
201138	56959024
201138	56970844
201138	57008379
201138	57201465
201138	57212507
201138	57276959
201138	57372509
201138	57507147
201138	57600199
201138	57634087
201138	57847281
201138	57969668
201138	58078632
201138	58148723
201138	58914479
201138	59022692
201138	59116879
201138	59143999
201138	59225429
201138	59411054
201138	59891626
201138	59952430
201138	59966484
201138	60221995
201138	60226611
201138	60457218
201138	60472394
201138	60486316
201138	60590422
201138	60834564
201138	60886560
201138	61707402
201138	61921702
201138	62477874
201138	62684605
201138	62717584
201138	62867636
201138	62947524
201138	63212847
201138	63573782
201138	63837021
201138	64018022
201138	64106257
201138	64130132
201138	64163671
201138	64441815
201138	64557535
201138	65145045
201138	65386896
201138	65398701
201138	65476447
201138	65976313
201138	66517725
201138	66824222
201138	66827341
201138	66938880
201138	67247553
201138	67425450
201138	67801760
201138	67969589
201138	68142785
201138	68211246
201138	68255340
201138	68332860
201138	68464683
201138	68717217
201138	68852166
201138	69082010
201138	69087668
201138	69336322
201138	69359045
201138	69896393
201138	70225427
201138	70480298
201138	70491460
201138	70517850
201138	70549908
201138	70561399
201138	70917810
201138	70938914
201138	71097103
201138	71200925
201138	71303189
201138	71617185
201138	71697022
201138	71707006
201138	71761024
201138	72063355
201138	72318513
201138	72468754
201138	72670695
201138	72718333
201138	72989417
201138	73157727
201138	73205692
201138	73454933
201138	73465787
201138	73511135
201138	74099828
201138	74191793
201138	74260314
201138	74535609
201138	74623632
201138	74841956
201138	74920004
201138	75373127
201138	75381926
201138	75538153
201138	75560196
201138	76036919
201138	76120851
201138	76266241
201138	76739209
201138	76928722
201138	77049136
201269	1380465
201269	1542869
201269	1596572
201269	1649001
201269	1850082
201269	2076591
201269	2345069
201269	3724720
201269	3842540
201269	3999184
201269	4191151
201269	4242709
201269	4364303
201269	4675992
201269	4780321
201269	4828791
201269	4950156
201269	5533850
201269	5854990
201269	5858332
201269	6377047
201269	6760811
201269	6924659
201269	6950861
201269	7125098
201269	7198424
201269	7529680
201269	7810994
201269	7876487
201269	7919790
201269	8121754
201269	8696705
201269	8701614
201269	9360117
201269	9478087
201269	9547026
201269	10343115
201269	10584758
201269	10843186
201269	11186413
201269	11476582
201269	11557313
201269	11677635
201269	11759908
201269	11996044
201269	12063372
201269	12257907
201269	12264615
201269	12301386
201269	12384619
201269	12455432
201269	12590892
201269	12657410
201269	12666269
201269	12697648
201269	12877413
201269	12908695
201269	13124839
201269	13724278
201269	13912161
201269	13912565
201269	14406243
201269	14523695
201269	14641973
201269	14735791
201269	14797195
201269	14848617
201269	14851840
201269	14987905
201269	15038029
201269	15593127
201269	15718879
201269	16400741
201269	16640490
201269	16646062
201269	16832853
201269	17177686
201269	17194255
201269	17836402
201269	18277073
201269	18310934
201269	18342378
201269	18348008
201269	18692118
201269	18738564
201269	19449086
201269	20148386
201269	20160817
201269	20174733
201269	20311129
201269	20547464
201269	20720988
201269	20725301
201269	20819860
201269	20857681
201269	20997367
201269	21071242
201269	21130825
201269	21610350
201269	21739769
201269	21808726
201269	22416044
201269	22801256
201269	22844203
201269	23258452
201269	23775137
201269	23804094
201269	24214791
201269	24277774
201269	24572370
201269	24788719
201269	24829524
201269	25136621
201269	25226905
201269	25405192
201269	25561956
201269	25662431
201269	25807301
201269	25919798
201269	26054176
201269	26397150
201269	26529755
201269	26689366
201269	26871191
201269	26905597
201269	27214957
201269	27287078
201269	27793462
201269	27966470
201269	28339848
201269	28595254
201269	28957547
201269	29052844
201269	29061742
201269	29442304
201269	29632690
201269	29746397
201269	29874992
201269	30229703
201269	30238601
201269	30825913
201269	30959886
201269	31135775
201269	31226248
201269	31410873
201269	31495062
201269	31648730
201269	31954344
201269	32193868
201269	33262344
201269	33265034
201269	33601876
201269	34439544
201269	34834095
201269	34848626
201269	34871744
201269	34975594
201269	35681194
201269	36234741
201269	36751557
201269	36865319
201269	36907910
201269	37172146
201269	37367183
201269	37415047
201269	37455770
201269	37551955
201269	37776717
201269	37973728
201269	37998658
201269	38099921
201269	38129467
201269	38915406
201269	38981692
201269	39005688
201269	39057829
201269	39200542
201269	39366191
201269	39814351
201269	39894239
201269	40056931
201269	40179404
201269	40466772
201269	40576232
201269	40629841
201269	40643175
201269	41238971
201269	41308565
201269	41576806
201269	41704981
201269	41907477
201269	41989021
201269	42102288
201269	42532645
201269	42590310
201269	42864694
201269	42914455
201269	42966123
201269	43389915
201269	43585532
201269	43794452
201269	44107641
201269	44295931
201269	44444216
201269	45347870
201269	45353958
201269	45439254
201269	45581348
201269	45750782
201269	45868478
201269	45911266
201269	46564040
201269	46633440
201269	46673700
201269	46878144
201269	46928367
201269	46973291
201269	47445174
201269	47598569
201269	48292041
201269	48313687
201269	48443711
201269	48622305
201269	48764002
201269	48767381
201269	48819513
201269	49200635
201269	49438810
201269	49460893
201269	49848675
201269	49934921
201269	49935561
201269	50064499
201269	50074133
201269	50116134
201269	50239930
201269	50370799
201269	50539512
201269	50807793
201269	50843426
201269	50913192
201269	50950209
201269	50996037
201269	51899825
201269	52126018
201269	52154362
201269	52447041
201269	52469957
201269	52710864
201269	52823632
201269	52885335
201269	53058912
201269	53153196
201269	53156725
201269	53169470
201269	53361673
201269	53856011
201269	53948496
201269	54114459
201269	54312373
201269	54634346
201269	54637958
201269	54801964
201269	54989786
201269	55064094
201269	55301497
201269	55959879
201269	56281521
201269	56376110
201269	56505512
201269	56591799
201269	56752025
201269	56796495
201269	56998307
201269	57253991
201269	57458637
201269	57529140
201269	57538515
201269	57772892
201269	57827400
201269	57841889
201269	58704076
201269	59022372
201269	59472677
201269	59552880
201269	59640303
201269	59746497
201269	59833519
201269	60012511
201269	60379347
201269	60402233
201269	60550691
201269	60927604
201269	60981315
201269	61194086
201269	61339596
201269	61592954
201269	62198113
201269	62609317
201269	62852552
201269	63239805
201269	63378711
201269	63402481
201269	63632989
201269	63697394
201269	63782724
201269	64259743
201269	64293953
201269	64354654
201269	64366061
201269	64435519
201269	64776017
201269	64906504
201269	64945588
201269	65096742
201269	65436125
201269	65547406
201269	65740043
201269	65973160
201269	66179599
201269	66570888
201269	66668339
201269	66837142
201269	66913201
201269	67254189
201269	67496371
201269	67563958
201269	67611842
201269	67694442
201269	67923769
201269	68157599
201269	68600225
201269	68912591
201269	69327262
201269	69347489
201269	69521959
201269	70095997
201269	70411694
201269	70414951
201269	70529870
201269	70552681
201269	70724490
201269	70875111
201269	71569036
201269	72168691
201269	72226351
201269	72415417
201269	72416579
201269	72437568
201269	72483638
201269	72581084
201269	72845973
201269	73732245
201269	73921156
201269	74374536
201269	74511604
201269	74638630
201269	74724052
201269	74897749
201269	75012711
201269	75021596
201269	75053868
201269	75390233
201269	76009959
201269	76055107
201269	76758383
201269	76886594
201269	77038984
201269	77389992
201269	78064773
201269	78315000
201269	78606542
201269	78836243
201269	78892807
201269	78950973
201269	79028877
201269	79217139
201269	79617278
201269	80398169
201269	80411609
201269	80721678
201269	81433439
201269	83004693
201269	83683337
201269	83995079
201269	84031859
201269	84348221
201269	84477377
201269	84615090
201269	85200455
201269	85201724
201269	85218867
201269	85316231
201269	85349801
201269	85419861
201269	85451421
201269	85621560
201269	85769450
201269	85833006
201269	85865270
201269	85946502
201269	85952291
201269	86173755
201269	86569483
201269	86579748
201269	86622053
201269	86623910
201269	86675436
201269	86851260
201269	86872732
201269	86875812
201269	87489893
201269	87495345
201269	87498020
201269	87746012
201269	87806226
201269	87848224
201269	87946765
201269	88189650
201269	88295696
201269	88396489
201269	88464812
201269	88555002
201269	88989612
201269	89098004
201269	89304887
201269	89310727
201269	89554804
201269	89714440
201269	89739246
201269	89772739
201269	90032221
201269	90174611
201269	90216227
201269	90248381
201269	90338223
201269	90633424
201269	91092519
201269	91136793
201269	91627263
201269	92170949
201269	92354448
201269	92552368
201269	92824648
201269	92987910
201269	93477307
201269	93596298
201269	94409896
201269	94427272
201269	95160699
201269	95887427
201269	95944255
201269	95992185
201269	96614053
201269	96679800
201269	96693695
201269	97176323
201269	98534543
201269	98850666
201269	99284993
201269	99539206
201269	99575561
201269	99598591
201269	99643314
201269	99923548
201269	100321148
201269	101554599
201269	101778882
201269	102070168
201269	102205117
201269	102583353
201269	102783242
201269	102889780
201269	102935115
201269	103237271
201269	103395780
201269	103518591
201269	103634219
201269	103798610
201269	103962083
201269	104407959
201269	104781654
201269	105476731
201269	105581112
201269	105844954
201269	106121003
201269	106236076
201269	106938258
201269	107328337
201269	107341055
201269	107447377
201269	108358297
201494	299495
201494	455741
201494	508728
201494	648570
201494	665660
201494	766570
201494	1182480
201494	1266344
201494	1307359
201494	2010692
201494	2132658
201494	2604012
201494	2604739
201494	2634860
201494	2642437
201494	2808623
201494	2904937
201494	2968161
201494	3033602
201494	3243684
201494	3515016
201494	3865232
201494	4213201
201494	4259591
201494	4687922
201494	5027020
201494	5149315
201494	5322072
201494	5325224
201494	5407642
201494	5760338
201494	5911906
201494	6116351
201494	6318160
201494	6484193
201494	6508778
201494	6739062
201494	7083069
201494	7264729
201494	7396668
201494	7459223
201494	7934347
201494	8598253
201494	8671180
201494	8699038
201494	8773367
201494	8803903
201494	8900794
201494	9300355
201494	9699099
201494	9767612
201494	10065708
201494	10153268
201494	10302638
201494	10524081
201494	10589116
201494	10590516
201494	10856999
201494	11105827
201494	11686555
201494	11853165
201494	12083901
201494	12155748
201494	12597566
201494	12663103
201494	12820318
201494	12870004
201494	13354871
201494	13512985
201494	13612403
201494	13800785
201494	14126286
201494	14155612
201494	14366121
201494	14420715
201494	14744279
201494	14877379
201494	15082696
201494	15231557
201494	15331175
201494	15616463
201494	15824249
201494	15994776
201494	16011435
201494	16013260
201494	16115825
201494	16291994
201494	16315459
201494	16414907
201494	16500368
201494	16688382
201494	16692572
201494	16735995
201494	16801559
201494	16843256
201494	16923230
201494	16938811
201494	17337859
201494	17526072
201494	17680674
201494	17972711
201494	17996947
201494	18222404
201494	18305593
201494	18370980
201494	18480308
201494	18548010
201494	18597405
201494	18821918
201494	18822364
201494	19036976
201494	19108876
201494	19238722
201494	19261432
201494	19267852
201494	19387562
201494	19579721
201494	19664970
201494	19957059
201494	20023737
201494	20051956
201494	20139810
201494	20145215
201494	20246543
201494	20339415
201494	20758052
201494	20767609
201494	20874166
201494	21045754
201494	21118664
201494	21333657
201494	21576940
201494	21637695
201494	21786151
201494	21799996
201494	22121955
201494	22125967
201494	22282189
201494	22285468
201494	22726783
201494	22761456
201494	22868821
201494	23454018
201494	23553978
201494	23699130
201494	23735559
201494	23808032
201494	23835253
201494	23938635
201494	23976005
201494	24072319
201494	24083426
201494	24123031
201494	24303646
201494	24407356
201494	24541261
201494	24700512
201494	24928523
201494	25162826
201494	25228248
201494	25512152
201494	25635927
201494	25917322
201494	26074177
201494	26090413
201494	26296676
201494	26371167
201494	26398975
201494	26603985
201494	26875619
201494	27054642
201494	27100370
201494	27451284
201494	27502372
201494	28105904
201494	28460756
201494	28484712
201494	29125563
201494	29208601
201494	29234294
201494	29289962
201494	29505167
201494	29594808
201494	29606021
201494	29734869
201494	29922533
201494	30070647
201494	30489522
201494	30519271
201494	30879639
201494	31219829
201494	31338733
201494	31432031
201494	31652549
201494	31681978
201494	31772370
201494	32002002
201494	32194426
201494	32230051
201494	32232302
201494	32467648
201494	32572278
201494	32794585
201494	33167198
201494	33406878
201494	33513092
201494	33555866
201494	34130725
201494	34535241
201494	34640418
201494	35146647
201494	35247182
201494	35421447
201494	35513855
201494	35535809
201494	35635281
201494	36234876
201494	36246591
201494	36314912
201494	36897636
201494	37216683
201494	37250841
201494	37279336
201494	37406051
201494	37564639
201494	37581144
201494	37784974
201494	37831818
201494	37880979
201494	37910647
201494	37918338
201494	38064671
201494	38122848
201494	38435378
201494	38475898
201494	38556152
201494	38629665
201494	38774479
201494	38834109
201494	38870175
201494	39041905
201494	39066848
201494	39215896
201494	39228514
201494	39239346
201494	39325883
201494	39718985
201494	39974684
201494	40078466
201494	40139903
201494	41427114
201494	42024330
201494	42250457
201494	42397522
201494	42721548
201494	42810958
201494	43086997
201494	44038185
201494	44116566
201494	44313554
201494	44557018
201494	44646854
201494	44838840
201494	44996808
201494	45079513
201494	45086351
201280	2923184
201280	3102289
201280	3228269
201280	3463238
201280	3478845
201280	3734868
201280	3741950
201280	4023735
201280	4388581
201280	4651482
201280	4764597
201280	4847430
201280	6053874
201280	6429178
201280	6636055
201280	6692541
201280	6846709
201280	6852780
201280	6964682
201280	7015052
201280	7047135
201280	7205773
201280	7229092
201280	7469902
201280	7754704
201280	8326959
201280	8637656
201280	9008802
201280	9097465
201280	9123129
201280	9156178
201280	9286842
201280	9575196
201280	9626038
201280	9752311
201280	9914183
201280	9923244
201280	10102110
201280	10148676
201280	10182286
201280	10191648
201280	10583623
201280	10729503
201280	10787897
201280	10905197
201280	11669242
201280	11691147
201280	12052973
201280	12158277
201280	13028360
201280	13043491
201280	13251731
201280	13429838
201280	13484801
201280	13574107
201280	13621253
201280	13687746
201280	13930343
201280	13949324
201280	13957234
201280	13964947
201280	14410856
201280	14553241
201280	14572119
201280	14661983
201280	14783129
201280	15144735
201289	1328001
201289	1520651
201289	1719136
201289	1720837
201289	1837634
201289	1910600
201289	1927734
201289	1928937
201289	1981106
201289	2347786
201289	2389195
201289	2472318
201289	2676042
201289	2840785
201289	3132939
201289	3158766
201289	3180737
201289	3235625
201289	3466914
201289	3614924
201289	3673665
201289	3854124
201289	3955999
201289	4340935
201289	4418221
201289	4743788
201289	4793175
201289	4849693
201289	4949927
201289	5188326
201289	5218843
201289	5540583
201289	5581486
201289	5598341
201289	6012799
201289	6124763
201289	6354066
201289	7021458
201289	7160073
201289	7379348
201289	7469570
201289	7599933
201289	7633647
201289	8034545
201289	8157716
201289	8411245
201289	8601225
201289	8756279
201289	8759966
201289	9263664
201289	9308285
201289	9450868
201289	9654730
201289	9719104
201289	9757123
201289	10139357
201289	10315554
201289	10421707
201289	10831517
201289	10920280
201289	11014151
201289	11146627
201289	11590715
201289	11739136
201289	11768210
201289	11874406
201289	11896475
201289	11999489
201289	12058228
201289	12159224
201289	12421186
201289	12648411
201289	12721462
201289	12844243
201289	13262890
201289	13264549
201289	13330820
201289	13525365
201289	13550080
201289	13666066
201289	13683194
201289	13729314
201289	13770361
201289	13843702
201289	13894052
201289	13984843
201289	13997174
201289	14434131
201289	14458076
201289	14792817
201289	14954311
201289	15091993
201289	15149311
201289	15165261
201289	15418766
201289	15770043
201289	15950098
201289	15985544
201289	16017820
201289	16107278
201289	16242351
201289	16395232
201289	16420257
201289	16679096
201289	16943108
201289	16945471
201289	16967625
201289	16997630
201289	17315810
201289	17457791
201289	17531956
201289	17977373
201289	18052280
201289	18128417
201289	18304180
201289	18603364
201289	18668327
201289	18810603
201289	18905876
201289	18951163
201289	19113608
201289	19203895
201289	19312868
201289	19530955
201289	19580398
201289	19688436
201289	20043353
201289	20073350
201289	20093760
201289	20481820
201289	20528722
201289	20649271
201289	20718715
201289	20721371
201289	20927133
201289	21019906
201289	21073453
201289	21132058
201289	21194967
201289	21646046
201289	21707393
201289	21864417
201289	21876640
201289	22001146
201289	22082063
201289	22199307
201289	22305752
201289	22433643
201289	22447971
201289	22552906
201289	22564288
201289	22673530
201289	22761424
201289	22896709
201289	22923061
201289	23033703
201289	23526577
201289	23590633
201289	23701527
201289	23871590
201289	23949931
201289	24002623
201289	24180776
201289	24374770
201289	24529060
201289	24531882
201289	24787306
201289	24990746
201289	25023542
201289	25320514
201289	25480643
201289	25571675
201289	25618931
201289	25682660
201289	25683835
201289	25947116
201289	26304860
201289	27308902
201289	27379619
201289	27863371
201289	28062433
201289	28390004
201289	28556924
201289	28692518
201289	28851598
201289	29049229
201289	29053821
201289	29092773
201289	29366008
201289	29384789
201289	30311670
201289	32106075
201289	32167532
201289	32852193
201289	33176956
201289	33573988
201289	33851928
201289	34197877
201289	34199137
201289	34474082
201289	34561120
201289	35574881
201289	35591965
201289	35632532
201289	35902349
201289	36615971
201289	36827833
201289	37010711
201289	37023285
201289	37163735
201289	37382282
201289	37824108
201289	37892410
201289	38027111
201289	38304341
201289	38323070
201289	38376217
201289	38628071
201289	38842277
201289	39166809
201289	39207237
201289	39575499
201289	39589073
201289	39604686
201289	39690583
201289	39729423
201289	39883864
201289	40072378
201289	40363478
201289	40471596
201289	40624353
201289	41245482
201289	41400184
201289	42823646
201289	43172238
201289	43192638
201289	43357472
201289	43359372
201289	43547879
201289	43734462
201289	44112558
201289	44446710
201289	44907139
201289	44964079
201289	44969298
201289	44984830
201289	45085356
201289	46129386
201289	46338464
201289	46375809
201289	46573204
201289	47058601
201289	47090101
201289	47149773
201289	47270850
201289	47355282
201289	47466825
201289	47502972
201289	47626336
201289	47634076
201289	47776421
201289	47850229
201289	47891404
201289	48366636
201289	48378712
201289	48392421
201289	48472954
201289	48666378
201289	48939218
201289	49125403
201289	49278899
201289	49291340
201289	49370914
201289	49876235
201289	49961692
201289	49983877
201289	50165467
201289	50216033
201289	50589609
201289	50697687
201289	50948229
201289	51173470
201289	51312465
201289	51575243
201289	51723609
201289	52027254
201289	52122682
201289	52417390
201289	52745022
201289	53221718
201289	53395763
201289	53531403
201289	53557933
201289	53900377
201289	54203799
201289	54391495
201289	54393494
201289	54563841
201289	54658582
201289	54717132
201289	54873537
201289	54932110
201289	54982554
201289	55070229
201289	55450704
201289	55601143
201289	55955614
201289	56300639
201289	56391755
201289	56526250
201289	56705550
201289	56834840
201289	56944444
201289	57091655
201289	57149966
201289	57646837
201289	57683169
201289	58328478
201289	58809118
201289	59479366
201289	59667959
201289	59953070
201289	60043969
201289	60331326
201289	60482837
201289	60816386
201289	60943476
201289	61029875
201289	61232871
201289	61337555
201289	61367105
201289	61483895
201289	61881810
201289	62131449
201289	62300491
201289	62382050
201289	62484019
201289	63084498
201289	63491141
201289	63568902
201289	63673184
201289	63870144
201289	64037201
201289	64220283
201289	64493629
201289	64939861
201289	65067030
201289	65296924
201289	65652838
201289	65686343
201289	65737513
201289	65929584
201289	66078800
201289	66110839
201289	66126189
201289	66196502
201289	66246863
201289	66467912
201289	66516085
201289	66522805
201289	66925379
201289	66929100
201289	67143802
201289	67563086
201289	67619080
201289	67660041
201289	67853257
201289	68071995
201289	68163482
201289	68297683
201289	68489702
201289	68677283
201289	68853199
201289	68902168
201289	68947147
201289	69050922
201289	69461912
201289	69863617
201289	70053766
201289	70262790
201289	70371258
201289	70596164
201289	70630376
201289	70842401
201289	70866329
201289	70882812
201289	70995327
201289	71007426
201289	71036806
201289	71046963
201289	71315745
201289	71355927
201289	71391791
201289	71736303
201289	71756602
201289	72213817
201289	72259420
201289	72411833
201289	72793665
201289	72858057
201289	73130338
201289	73388561
201289	73543755
201289	74086559
201289	74424979
201289	75124723
201289	75409700
201289	75423004
201289	75537609
201289	75558508
201289	75613563
201289	76099489
201289	76330014
201289	76332867
201289	76485827
201289	76643910
201289	76919588
201289	77023390
201289	77051074
201289	77101730
201289	77160120
201289	77320799
201289	77372067
201289	77448352
201289	77498406
201289	77750164
201289	78098488
201289	78735615
201289	78860146
201289	78862705
201289	78891926
201289	78897115
201289	78935145
201289	79075672
201289	79315928
201289	79558564
201289	79965072
201289	80090454
201289	80184601
201289	80279542
201289	80288745
201289	80476382
201289	80626850
201289	80733272
201289	80751355
201289	80784336
201289	80878218
201289	80977015
201289	80991425
201289	81240859
201289	81413075
201289	81466847
201289	81586967
201289	81672223
201289	81815822
201289	82024492
201289	82031159
201289	82238707
201289	82425449
201289	82904014
201289	82916656
201289	83138532
201289	83313499
201289	83369668
201289	83673553
201289	83905050
201289	84575764
201289	84619358
201289	84987700
201289	85164303
201289	85313682
201289	85380765
201289	85387962
201289	86294747
201289	86343522
201289	86707598
201289	86827580
201289	86837328
201289	86887593
201289	86988506
201289	87133840
201289	87137966
201289	87425922
201289	87583990
201289	87608839
201289	87735091
201289	88039552
201289	88242360
201289	88325526
201289	88359942
201289	88371134
201289	88440142
201289	88445012
201289	88572264
201289	88800949
201289	88960578
201289	89290452
201289	89313686
201289	89415777
201289	89628594
201289	89897250
201289	89967267
201289	90303766
201289	91250385
201289	91330855
201289	91336497
201289	91368901
201289	91441333
201289	91694131
201289	91782327
201289	92345298
201289	92566543
201289	92647995
201289	92654682
201289	92807347
201289	92907430
201289	92918138
201289	92989378
201289	93025520
201289	93041975
201289	93259965
201289	93498193
201289	94261977
201289	94281483
201289	94642881
201289	94828289
201289	94889904
201289	95114744
201289	95404601
201289	95696106
201289	95771521
201289	95809549
201289	95812654
201289	96001865
201289	96075869
201289	96533683
201289	96670033
201289	96898990
201289	96994147
201289	97129925
200913	2458887
200913	4659146
200913	5105641
200913	7045068
200913	8807931
200913	9292762
200913	10094852
200913	10967100
200913	11121724
200913	11234108
200913	13487659
200913	15975681
200913	17191720
201555	409810
201555	551496
201555	664754
201555	680890
201555	1111668
201555	1171003
201555	1322371
201555	1951872
201555	1985793
201555	2101617
201555	2180122
201555	2269015
201555	2284806
201555	2692786
201555	3075426
201555	3686319
201555	3788576
201555	4405809
201555	4525426
201555	4721900
201555	4786603
201555	4950046
201555	5073395
201555	5248057
201555	5871391
201555	5886914
201555	5969097
201555	6037891
201555	6177796
201555	6253485
201555	6282636
201555	6326439
201555	6358330
201555	6660825
201555	6771547
201555	6803728
201555	6853572
201555	7076020
201555	7101253
201555	7670808
201555	7694373
201555	8013776
201555	8080590
201555	8086151
201555	8726893
201555	8817231
201555	8828478
201555	9234972
201555	9274122
201555	9598698
201555	9798475
201555	9813538
201555	9865774
201555	9897457
201555	10064903
201555	10069332
201555	10109395
201555	10139436
201555	10349915
201555	10610853
201555	10744580
201555	10845048
201555	11679910
201555	11857204
201555	11985336
201555	12072520
201555	12130802
201555	12132377
201555	12487882
201555	12538623
201555	12936751
201555	12941299
201555	13059094
201555	13133984
201555	13163316
201555	13175971
201555	13348798
201555	14031600
201555	14111554
201555	14331159
201555	14615064
201555	14696692
201555	14918129
201555	15084874
201555	15093072
201555	15190074
201555	15323076
201555	15345751
201555	15410048
201555	15430747
201555	15579712
201555	15622072
201555	16127557
201555	16415791
201555	16436271
201555	16479123
201555	16587629
201555	16693723
201555	17210199
201555	17210915
201555	17223105
201555	17381254
201555	17506035
201555	17679090
201555	17770815
201555	17773090
201555	17929946
201555	18239654
201555	18264897
201555	18294226
201555	18326033
201555	18455586
201555	18574096
201555	18687125
201555	18724186
201555	19143769
201555	19208738
201555	19250868
201555	19279426
201555	19413588
201555	19553245
201555	19556455
201555	19626729
201555	19700344
201555	19711279
201555	20109291
201555	20477081
201555	20482880
201555	20663310
201555	20728984
201555	20739938
201555	20963456
201555	21039109
201555	21076087
201555	21313105
201555	21382138
201555	21814148
201555	21930270
201555	22121729
201555	22138774
201555	22203611
201555	22317620
201555	22355304
201555	22486976
201555	22565708
201555	22601386
201555	22601659
201555	22641700
201555	22866651
201555	22969905
201555	23109686
201555	23117697
201555	23170564
201555	23219528
201555	23319370
201555	23499360
201555	23668184
201555	23700818
201555	23717869
201555	23999525
201555	24009147
201555	24045878
201555	24400439
201555	24477679
201555	24708990
201555	24857987
201555	24867032
201555	25081057
201555	25395324
201555	25487373
201555	25492337
201555	25586275
201555	25804451
201555	26044329
201555	26356404
201555	26580447
201555	26743071
201555	27011944
201555	27046890
201555	27118276
201555	27142360
201555	27319676
201555	27569438
201555	27868717
201555	28062946
201555	28076190
201555	28530777
201555	28535152
201555	28722354
201555	28810299
201555	28860612
201555	28868756
201555	28912264
201555	28950999
201555	29443431
201555	29485521
201555	29548614
201555	29743492
201555	29754460
201555	29890504
201555	29962537
201555	30012548
201555	30222364
201555	30551680
201555	30561271
201555	30600620
201555	30625790
201555	30664370
201555	30684741
201555	30748348
201555	30871806
201555	30908972
201555	31207673
201555	31233773
201555	31246898
201555	31502119
201555	31734825
201555	31812248
201555	31884511
201555	31953483
201555	32105377
201555	32187786
201555	32254640
201555	32333162
201555	32434636
201555	32568016
201555	32652568
201555	32862440
201555	33046571
201555	33465345
201555	33859113
201555	34190635
201555	34199984
201555	34277690
201555	34377124
201555	34588917
201555	34629140
201555	34709887
201555	34861421
201555	35031019
201555	35254569
201555	35625536
201555	35645112
201555	35677957
201555	35725962
201555	35822291
201555	36134793
201555	36218084
201555	36736170
201555	36999316
201555	37418398
201555	37523177
201555	37779182
201555	37807902
201555	37986775
201555	38079414
201555	38133487
201555	38213092
201555	38315834
201555	38375210
201555	38525991
201555	38634445
201555	38647452
201555	38738367
201555	39280184
201555	39403951
201555	39412842
201555	39666193
201555	40130523
201555	40164322
201555	40311008
201555	40340565
201555	40384977
201555	40424726
201556	2052992
201556	2115160
201556	2527832
201556	2653766
201556	2801702
201556	2896692
201556	3032596
201556	3049721
201556	3163003
201556	3676889
201556	4095799
201556	4148792
201556	4184895
201556	4552705
201556	4652553
201556	4933158
201556	5078053
201556	5123086
201556	5419129
201556	5562696
201556	5572222
201556	5751492
201556	6015809
201556	6228781
201556	6348185
201556	6770145
201556	7270239
201556	8207417
201556	8592005
201556	8880844
201556	9016617
201556	9530905
201556	9577051
201556	9761551
201556	9940043
201556	9940699
201556	10101361
201556	10105646
201556	10115242
201556	10125930
201556	10243137
201556	10245732
201556	10432379
201556	10508788
201556	10769156
201556	10934860
201556	11030988
201556	11205651
201556	11303598
201556	11415990
201556	11457551
201556	11706468
201556	11826546
201556	12010544
201556	12065358
201556	12323699
201556	12755871
201556	12945910
201556	13024368
201556	13339736
201556	13400786
201556	13633156
201556	13997037
201556	14162579
201556	14210133
201556	14266374
201556	14453598
201556	14478766
201556	14703722
201556	14840696
201556	15126476
201556	15211092
201556	15465610
201556	15640171
201556	15720922
201556	16003158
201556	16165687
201556	16484625
201556	17113183
201556	17131760
201556	17221851
201556	17589823
201556	17698873
201556	17750212
201556	17923737
201556	17940974
201556	17995890
201556	18371216
201556	18592345
201556	18971182
201556	19157075
201556	19165512
201556	19328835
201556	19333608
201556	19339473
201556	19367211
201556	19507838
201556	19644545
201556	19685887
201556	19785572
201556	19838347
201556	19873557
201556	19914457
201556	19984041
201556	20097322
201556	20158243
201556	20486682
201556	20488101
201556	20804154
201556	21010328
201556	21031753
201556	21567274
201556	21611227
201556	21927348
201556	22027468
201556	22120963
201556	22429456
201556	22528574
201556	22606266
201556	22673838
201556	22869345
201556	23334817
201556	23370752
201556	23498026
201556	23507881
201556	23542299
201556	23582515
201556	23725441
201556	23922356
201556	24099889
201556	24145587
201556	24190299
201556	24290249
201556	24766509
201556	24841697
201556	24896839
201556	24913456
201556	24956783
201556	25095253
201556	25153825
201556	25207348
201556	25211335
201556	25309112
201556	25350941
201556	25408277
201556	25702501
201556	25782553
201556	25797387
201556	26318328
201556	26506655
201556	26574808
201556	26801586
201556	27004507
201556	27143323
201556	27324072
201556	27458590
201556	27606568
201556	27723440
201556	27741265
201556	28007901
201556	28454020
201556	28516426
201556	28569121
201556	28655337
201556	28686989
201556	28791788
201556	28973399
201556	29054638
201556	29119649
201556	29166526
201556	29200584
201556	29233259
201556	29326631
201556	29670902
201556	29869198
201556	29944552
201556	30307482
201556	30421018
201556	30506762
201556	30514319
201556	30828501
201556	30855981
201556	31058859
201556	31605474
201556	31659014
201556	31789876
201556	31793182
201556	31956123
201556	32462581
201556	32512017
201556	32683902
201556	32806863
201556	32960778
201556	32998953
201556	33366320
201556	33377263
201556	33507503
201556	33554221
201556	33772716
201556	33781853
201556	34126171
201556	34253505
201556	34258741
201556	34259605
201556	34494450
201556	34505633
201556	34574304
201556	34842034
201556	34882973
201556	35007913
201556	35093396
201556	35211831
201556	35416635
201556	35546390
201556	35615035
201556	35844552
201556	35938928
201556	36164161
201556	36253538
201556	36362651
201556	36505124
201556	36534477
201556	36915424
201556	36930030
201556	36936883
201556	36941914
201556	37045393
201556	37166228
201556	37205686
201556	37329850
201556	37598094
201556	37652976
201556	37667273
201556	37880188
201556	37944222
201556	38231849
201556	38328931
201556	38358371
201556	38406941
201556	38479994
201556	38641259
201556	38657974
201556	38687906
201556	38796869
201556	39197050
201556	39216521
201556	39351990
201556	39376070
201556	39611627
201556	40202814
201556	40204361
201556	40256044
201556	40545558
201556	40684133
201556	41405670
201556	41645625
201556	41869499
201556	41912159
201556	42228347
201556	42253848
201556	42289379
201556	42303454
201556	42399734
201556	42418408
201556	42608915
201556	43217250
201556	43283652
201556	43290818
201556	43405961
201556	43911987
201556	44058281
201556	44194856
201556	44299446
201556	44311420
201556	44491782
201556	44685987
201556	44753829
201556	44825569
201556	44830532
201556	44858143
201556	45052225
201556	45163003
201556	45289030
201556	45450755
201556	46188734
201556	46354280
201556	46375613
201556	46436893
201556	46506601
201556	46720071
201556	47092579
201556	47658891
201556	47758332
201556	47927322
201556	47963282
201556	48296235
201556	48690526
201556	48758376
201556	49126365
201556	49165569
201556	49546613
201556	49597471
201556	50097367
201556	50496746
201556	50722445
201556	50894800
201556	51031151
201556	51298060
201556	51578998
201556	51660778
201556	51786179
201556	51915927
201556	51953248
201556	52464285
201556	52483701
201556	52500166
201556	52764067
201556	52940830
201556	52950190
201556	53156080
201556	53193436
201556	53258495
201556	53313499
201556	53352868
201556	53478078
201556	53626950
201556	53642754
201556	53694781
201556	53742639
201556	54000232
201556	54173309
201556	54659687
201556	54893178
201556	55133699
201556	55440337
201556	55562680
201556	55732344
201556	55807618
201556	56036007
201556	56122292
201556	56194392
201556	56236678
201556	56628747
201556	57032681
201556	57415561
201556	57546595
201556	57688731
201556	57806126
201556	57936498
201556	57984539
201556	58247646
201556	58365157
201556	58470117
201556	58518996
201556	58757169
201556	59154194
201556	59896835
201556	59911415
201556	59921582
201556	60050296
201556	60410016
201556	60631740
201556	60885141
201556	61069718
201556	61085204
201556	61126617
201556	61142871
201556	61434687
201556	61731126
201556	61774399
201556	61933167
201556	62495679
201556	62774405
201556	63063236
201556	63197534
201556	63223619
201556	63305059
201556	63445695
201556	63652827
201556	64292902
201556	64317604
201556	64437624
201556	64537108
201556	64608964
201556	64700617
201556	64809995
201556	64887130
201556	64903235
201556	65096778
201556	65209756
201556	65477459
201556	65501174
201556	65779302
201556	65903164
201556	66060009
201556	66290212
201556	66453749
201556	66464109
201556	66783787
201556	66823325
201556	66833258
201556	67060307
201556	67083982
201556	67147213
201556	67261818
201556	67296027
201556	67671443
201556	67800060
201556	68025178
201556	68039492
201556	68059000
201556	68133673
201556	68330021
201556	68436598
201556	68539853
201556	68592707
201556	68665551
201556	68749156
201556	68770307
201556	69055045
201556	69238945
201556	69429054
201556	69655849
201556	69772421
201556	70000396
201556	70053841
201556	70058882
201556	70246798
201556	70573180
201556	70636652
201556	70938289
201556	70971598
201556	71007861
201556	71670113
201556	71863062
201556	71940025
201556	72020590
201556	72137991
201556	72199482
201556	72374809
201556	72817358
201556	72823467
201556	72823523
201556	72874618
201556	72884701
201556	73023141
201556	73082366
201556	73258786
201556	73296228
201556	73803211
201556	73821463
201556	73841052
201556	74063223
201556	74319010
201556	74978542
201556	75017441
201556	75052817
201556	75253747
201556	75379412
201556	75574434
201556	75575933
201556	75787330
201556	75918429
201556	76136351
201556	76545338
201556	76637923
201556	76954940
201556	76978155
201556	77127931
201556	77195076
201556	77277597
201556	77335660
201556	77629770
201556	77714316
201556	77746608
201556	78205215
201556	78269071
201556	78308986
201556	78377828
201556	78378722
201556	78523600
201556	78772541
201556	78915098
201556	78941526
201556	79075148
201556	79219705
201556	79391110
201556	79429721
201556	79556685
201556	79621713
201556	79823089
201556	80152852
201556	80240202
201556	80473182
201556	81139324
201556	81272487
201556	81354894
201556	81545574
201556	81793552
201556	81918320
201556	82172397
201556	82316115
201556	82512249
201556	82582448
201556	82636598
201556	82730730
201556	83048660
201556	83587343
201556	83738188
201556	83777243
201556	83798961
201556	83899292
201556	84715256
201556	85429850
201556	85535371
201556	85539257
201556	85901965
201556	85907240
201556	85917740
201556	85974728
201556	86004798
201556	86005964
201556	86017210
201556	86054377
201556	86058083
201556	86140384
201556	86157596
201556	86164262
201556	86259956
201556	86320759
201556	86404229
201556	86518666
201556	86519187
201556	86909308
201556	86942859
201556	87041881
201556	87060677
201556	87066857
201556	87122050
201556	87192321
201556	87232052
201556	87303319
201556	87828158
201556	87857215
201556	88277140
201556	88381006
201556	88403622
201556	88751981
201556	88997314
201556	89010332
201556	89139075
201556	89249188
201556	89367100
201556	89666872
201556	90266234
201556	90283937
201556	90410656
201556	90421705
201556	90498216
201556	90508038
201556	90549875
201556	90752251
201556	90880948
201556	91406227
201556	91684292
201556	91707514
201556	91729837
201556	91730319
201556	92876910
201556	92966234
201556	93014336
201556	93479592
201556	93628421
201556	93679382
201556	94246625
201556	94275443
201556	94309932
201556	94567707
201556	95043347
201556	95167991
201556	95339934
201556	95746875
201556	95977164
201556	96051337
201556	96137563
201556	96139985
201556	96161531
201556	96252241
201556	96390122
201556	96421843
201556	96478940
201556	96652555
201556	96718221
201556	96774045
201556	97026657
201556	97095335
201556	97249218
201556	97304527
201556	97641043
201556	98029581
201556	98153319
201556	98164505
201556	98190431
201556	98258180
201556	98479170
201556	98534682
201556	98567376
201556	98926352
201556	98997356
201556	99072376
201556	99524259
201556	99615924
201556	100302321
201556	100351590
201556	100499412
201556	100505828
201556	100512857
201556	100522601
201556	100526985
201556	100579734
201556	100682602
201556	100761313
201556	100973529
201556	101019509
201556	101429585
201556	101431835
201556	101480462
201556	101632808
201556	101767193
201556	101797493
201556	101892449
201556	102347773
201556	102393386
201556	102565124
201556	102763320
201556	102809362
201556	102851482
201556	102863833
201556	102895604
201556	103176259
201556	103376762
201556	103922486
201556	104004720
201556	104196423
201556	104253029
201556	104707633
201556	105076774
201556	105412640
201556	105630810
201556	105751872
201556	105835907
201556	105837709
201556	105885591
201556	106080387
201556	106247876
201556	106635195
201556	106645490
201556	106903927
201556	106972824
201556	106993931
201556	107015688
201556	107135569
201556	107359246
201556	107426937
201556	107434397
201556	107595703
201556	107650570
201556	107696252
201556	108064513
201556	108164195
201556	108365328
201556	108369742
201556	109086141
201556	109332922
201556	109381630
201556	109754033
201556	109800644
201556	110038930
201556	110106895
201556	110564670
201556	110722577
201556	110766285
201556	110993874
201556	111243162
201556	111443652
201556	111500422
201556	111853196
201556	112123697
201556	112144100
201556	112366836
201556	113217494
201556	113390474
201556	113520019
201556	113762837
201556	113964428
201556	114097700
201556	114601570
201556	114695012
201556	115205365
201556	115329299
201556	115821036
201556	116608552
201556	116730127
201556	116831256
201556	117414558
201556	117456524
201556	117475683
201556	117629100
201556	117808969
201556	117922867
201556	118220932
201556	118408421
201556	118497707
201556	118511755
201556	118629361
201556	118977256
201556	118984458
201556	119069655
201556	119143550
201556	119226749
201556	119274144
201556	119655837
201556	119752594
201556	119969631
201556	120082863
201556	120436393
201556	120712134
201556	120852116
201556	121195648
201556	121394055
201556	121412450
201556	121587402
201556	121603625
201556	121697735
201556	121741121
201556	121743428
201556	122328788
201556	122441845
201556	122470358
201556	122541474
201556	122804481
201556	123053377
201556	123209580
201556	123280003
201556	123334106
201556	123738988
201556	124616739
201556	124731746
201556	124814756
201556	124925260
201556	125092915
201556	125298631
201556	125418490
201556	125436954
201556	125627486
201556	125868794
201556	126015890
201556	126058167
201556	126080581
201556	126372479
201556	126940472
201556	127465296
201556	127649532
201556	127756029
201556	127857969
201556	127861173
201556	128175776
201556	128400145
201556	128635545
201556	128769629
201556	129054352
201556	129210438
201556	129450637
201556	129513544
201556	129817755
201556	129855303
201556	129899053
201556	130062908
201556	130109838
201556	130466972
201556	130749185
201556	130842610
201556	131312673
201556	131337321
201556	131341411
201556	131497025
201556	131756527
201556	132041339
201556	132046824
201556	132241452
201556	132322820
201052	1833022
201052	2225042
201052	2288902
201052	2595316
201052	2715639
201052	2730519
201052	3137920
201052	3550106
201052	3638300
201052	4049341
201052	4188881
201052	4363038
201052	4363849
201052	5064955
201052	5634234
201052	5851062
201052	6067778
201052	6606132
201052	6890478
201052	7311309
201052	7548407
201052	7559972
201052	7699004
201052	7955593
201052	8210023
201052	8364879
201052	8546129
201052	9114457
201052	9521933
201052	9882693
201052	9888837
201052	9952742
201052	10466345
201052	10912752
201052	11655882
201052	11955076
201052	12340882
201052	12631255
201052	12812653
201052	12963343
201052	12997666
201052	13066273
201052	13228035
201052	14275339
201052	14425053
201052	14429814
201052	14461383
201052	14560155
201052	14911141
201052	15196687
201052	16082863
201052	16228298
201052	16329657
201052	16372775
201052	16494764
201052	16501071
201052	16519556
201052	17156589
201052	17493416
201052	17735472
201052	18120084
201052	18273435
201052	18422337
201052	18630454
201052	18630597
201052	18703293
201052	18794583
201052	18894423
201052	20279524
201052	20319339
201052	20945155
201052	20955321
201052	21165211
201052	21202864
201052	21358898
201052	21475224
201052	21512677
201052	21529524
201052	21907648
201052	22135407
201052	22303737
201052	23488654
201052	23577985
201052	23593819
201052	23627740
201052	23640410
201052	24213646
201052	24409366
201052	24479105
201052	24534516
201052	24761357
201052	24776677
201052	24865508
201052	24986846
201052	24987739
201052	25941881
201052	25993211
201052	26112081
201052	26271523
201052	26382815
201052	27487645
201052	27747657
201052	28122366
201052	28169023
201052	28525843
201052	28537230
201052	28776746
201052	28877819
201052	29119311
201052	29185994
201052	29210697
201052	29278712
201052	29465860
201052	29511958
201052	29561010
201052	29659196
201052	30769179
201052	30832102
201052	30897724
201052	31032119
201052	31734668
201052	31845635
201052	31989584
201052	32388335
201052	32881268
201052	33073953
201052	33252721
201052	33316201
201052	33371543
201052	33387433
201052	33399191
201052	33506694
201052	33773691
201052	33956766
201052	33994551
200926	7814144
200926	9206141
200926	10839475
200926	10912286
200926	11277338
200926	11729245
200926	11881332
200926	12148331
200926	13612731
200926	13795480
200926	15510897
200926	16505648
200926	16559036
200926	17041557
200926	18956047
200926	18976683
200926	19571439
200926	20497177
200926	20941141
200926	21528018
200926	21737708
200926	22098606
200926	22353574
200926	23256283
200926	23887267
200926	24058320
200926	25173896
200926	25395878
200926	25721077
200926	25911582
200926	25951916
200926	26132373
200926	28016743
200926	28334228
200926	28473569
200926	29187595
200926	29206231
200926	30113278
200926	31065516
200926	31071148
200926	31151334
200926	32245035
200926	32514512
200926	33126421
200926	33203524
201190	2313351
201190	2520872
201190	2651874
201190	2706319
201190	2824893
201190	2883974
201190	3225808
201190	4293106
201190	4486933
201190	4561216
201190	5192683
201190	5218207
201190	5373119
201190	5500165
201190	5592966
201190	5952162
201190	6159750
201190	6215639
201190	6468027
201190	6618305
201190	6922816
201190	7073510
201190	7451980
201190	7976888
201190	8761292
201190	8787839
201190	8899659
201190	9051113
201190	9087267
201190	9293655
201190	9825654
201190	9829556
201190	9849668
201190	9898710
201190	10042474
201190	10346405
201190	10350228
201190	10540400
201190	10937325
201190	11577732
201190	12147858
201190	12211480
201190	12920994
201190	13047749
201190	13232489
201190	13313483
201190	13593765
201190	13753853
201190	13968834
201190	14045777
201190	14077258
201190	14118606
201190	14141530
201190	14604112
201190	14624500
201190	14643090
201190	14937747
201190	15696461
201190	15819054
201190	16392277
201190	16473602
201190	17057432
201190	17380951
201190	17893183
201190	17993030
201190	18619259
201190	18888514
201190	19253593
201190	19295338
201190	19522281
201190	19746603
201190	19912470
201190	19984622
201190	20296680
201190	20354693
201190	20414728
201190	20754527
201190	21053331
201190	21078423
201190	21634570
201190	21635117
201190	21842354
201190	21888922
201190	22294883
201190	22465355
201190	23320744
201190	23379535
201190	23609114
201190	24170454
201190	24301940
201190	24492503
201190	24561344
201190	25155564
201190	25668123
201190	25728605
201190	26203918
201190	26234536
201190	26489106
201190	26815813
201190	26848993
201190	27089119
201190	27213116
201190	27334783
201190	27401782
201190	27539594
201190	27592509
201190	27854347
201190	27878508
201190	28040458
201190	28174068
201190	28223555
201190	28457776
201190	28866130
201190	28867750
201190	28901781
201190	28908974
201190	28930547
201190	28974249
201190	29154037
201190	29467341
201190	29653604
201190	29655298
201190	29735060
201190	29933741
201190	29959478
201190	30010667
201190	30024282
201190	30113486
201190	30226542
201190	30966649
201190	30987923
201190	31115210
201190	31261279
201190	31274637
201190	31398179
201190	31577397
201190	32145642
201190	32745681
201190	33222609
201190	33564068
201190	33586576
201190	34613868
201190	34773815
201190	35228548
201190	35571936
201190	35689376
201190	36728809
201190	36805512
201190	36879997
201190	37113836
201190	37178726
201190	37467169
201190	37645618
201190	37925108
201190	37960617
201190	37987648
201190	38045181
201190	38141775
201190	38186574
201190	38297855
201190	38320061
201190	38407567
201190	38442134
201190	38455724
201190	38477394
201190	38552465
201190	38589033
201190	38864919
201190	38913992
201190	38931102
201190	38996665
201190	39000579
201190	39224671
201190	39292172
201190	39577154
201190	39672831
201190	39853541
201190	40021700
201190	40072101
201190	40307978
201190	40597273
201190	40688875
201190	40721700
201190	40819848
201190	40930342
201190	41127954
201190	41177852
201190	41537927
201190	41710891
201190	41870162
201190	41918554
201190	42562426
201190	42788675
201190	42917150
201190	43126820
201190	43174645
201190	43179096
201190	43193553
201190	43456500
201190	43551797
201190	43887563
201190	44480865
201190	44552487
201190	44759423
201190	44802828
201190	45324513
201190	45365023
201190	45427858
201190	45648889
201190	45860843
201190	46071045
201190	46279982
201190	46850242
201190	47079509
201190	47082057
201190	47363547
201190	47522502
201190	47691918
201190	47711967
201190	47866145
201190	47993947
201190	47996482
201190	48042256
201190	48317236
201190	48328638
201190	48836089
201190	48985191
201190	49198171
201190	49387142
201190	49587725
201190	49725413
201190	50498840
201190	50528285
201190	50938587
201190	51103773
201190	51104863
201190	51457160
201190	51769244
201190	51819821
201190	52215260
201190	52258441
201190	52378619
201190	52419803
201190	52661449
201190	52735211
201190	52788077
201190	52795556
201190	53068583
201190	53322904
201190	53433504
201190	53495637
201190	53591513
201190	53696003
201190	53698021
201190	53975631
201190	54173558
201190	54220458
201190	54328000
201190	54340054
201190	54366664
201190	54612718
201190	55072977
201190	55129154
201190	55132079
201190	55159807
201190	55382126
201190	55707439
201190	56649656
201190	57631894
201190	57816267
201190	58202494
201190	58370191
201190	59000231
201190	59064114
201190	59194950
201190	59425381
201190	59747178
201190	59880837
201190	60335173
201190	60513510
201190	60561290
201190	60604486
201190	60791481
201190	61911360
201190	62084214
201190	62109345
201190	62624396
201190	62633210
201190	62725176
201191	1025984
201191	1197132
201191	1378793
201191	1494291
201191	1627850
201191	1801354
201191	1822514
201191	1992474
201191	2305212
201191	2314047
201191	3661701
201191	3876897
201191	3896573
201191	4007859
201191	4421351
201191	4640615
201191	4686468
201191	4860871
201191	4940722
201191	5062042
201191	5363364
201191	5582907
201191	5652566
201191	5685041
201191	5785299
201191	5842343
201191	5969420
201191	6057655
201191	6201280
201191	6292169
201191	6403959
201191	7531302
201191	7606042
201191	7940081
201191	7990755
201191	8013035
201191	8049545
201191	8080789
201191	8100925
201191	8129851
201191	8220958
201191	8240069
201191	8271680
201191	8338142
201191	8493733
201191	8596224
201191	8635962
201191	8737417
201191	9244609
201191	9449742
201191	9497899
201191	9735445
201191	9809479
201191	10587112
201191	10598474
201191	10853468
201191	11227814
201191	11563033
201191	12250871
201191	12357913
201191	12469416
201191	12778634
201191	12821723
201191	13099746
201191	13476100
201191	13693759
201191	13805088
201191	13870073
201191	13891971
201191	13903851
201191	14218214
201191	14224023
201191	14431234
201191	14446269
201191	14534663
201191	14648702
201191	14677553
201191	14782960
201191	14894712
201191	15220955
201191	15474469
201191	15627298
201191	16006710
201191	16166353
201191	16484432
201191	16623020
201191	17607856
201191	17807326
201191	17980818
201191	18035826
201191	18095206
201191	18360537
201191	18378609
201191	19359666
201191	19496364
201191	19787578
201191	19881311
201191	19947799
201191	20131416
201191	20227587
201191	20803547
201191	20838569
201191	20848637
201191	20900746
201191	21056253
201191	21183586
201191	21277343
201191	21672535
201191	21705943
201191	21779226
201191	21987863
201191	22048826
201191	22121924
201191	22265858
201191	22666081
201191	22690543
201191	22776938
201191	23197366
201191	23910283
201191	24457807
201191	24759407
201191	25072434
201191	25170615
201191	25182103
201191	25275956
201191	25407376
201191	25511103
201191	25733523
201191	25888739
201191	25921792
201191	25951382
201191	25968209
201191	26035170
201191	26090535
201191	26451414
201191	26455685
201191	26593321
201191	26755551
201191	26771765
201191	26824179
201191	26987084
201191	27408508
201191	27427357
201191	27874742
201191	28043413
201191	28390865
201191	28407160
201191	28441188
201191	28674608
201191	28769139
201191	28813615
201191	28844567
201191	29304393
201191	29576286
201191	29991444
201191	30048325
201191	30101354
201191	30107340
201191	30205835
201191	30286125
201191	30310720
201191	30350960
201191	30565278
201191	30729350
201191	31037389
201191	31133117
201191	31277503
201191	31384415
201191	31428578
201191	31528587
201191	31757157
201191	32039976
201191	32049385
201191	32755850
201191	32782164
201191	32865897
201191	33087463
201191	33271362
201191	33577303
201191	33712929
201191	33910953
201191	34361737
201191	34410067
201191	34428576
201191	34456202
201191	34640913
201191	34677755
201191	34679820
201191	34980661
201191	35232311
201191	35292870
201191	35947168
201191	36116205
201191	36286322
201191	36371332
201191	36588509
201191	36917842
201191	37047729
201191	37441458
201191	37772743
201191	38082538
201191	38551658
201191	38831069
201191	38859498
201191	38949181
201191	39122308
201191	39437592
201191	40627531
201191	41196854
201191	41363658
201191	41413389
201191	41479820
201191	41564616
201191	42557521
201191	42640457
201191	42789655
201191	43040662
201191	43383888
201191	43473216
201191	43521768
201191	43647585
201191	43890144
201191	43919236
201191	43945387
201191	44106015
201191	44258192
201191	44274266
201191	44443485
201191	44804576
201191	44941018
201191	45041682
201191	45503629
201191	45547396
201191	45914103
201191	46413015
201191	46448073
201191	46623091
201191	46825749
201191	46910197
201191	47161349
201191	47440789
201191	47711641
201191	48391336
201191	48772964
201191	48906268
201191	49040401
201191	49255664
201191	49392682
201191	49499949
201191	50290348
201191	50301187
201191	50340341
201191	50737758
201191	50946870
201191	51425240
201191	51478906
201191	51506039
201191	51744168
201191	51802916
201191	51875558
201191	51968609
201191	51977673
201191	52815000
201191	52947427
201191	53452399
201191	53512037
201191	53607604
201191	53689853
201191	53698790
201191	53894966
201191	53968394
201191	54054586
201191	54087480
201191	54117908
201191	54875768
201191	55105908
201191	55553612
201191	55898886
201191	55981842
201191	56122512
201191	57222101
201191	57368267
201191	57416215
201191	57445485
201191	57681823
201191	57725432
201191	58208102
201191	58249314
201191	59341881
201191	59406530
201191	59452630
201191	59543637
201191	59682984
201191	59744468
201191	59773550
201191	59926806
201191	60185833
201191	60272260
201191	60915340
201191	61039796
201191	61060690
201191	61573701
201191	61675693
201191	61718531
201191	62010771
201191	62195417
201191	62297070
201191	62593538
201191	62992459
201191	63050800
201191	63369014
201191	63542459
201191	63558836
201191	63928275
201191	64482977
201191	64630930
201191	64791088
201191	64810145
201191	65437887
201191	65540059
201191	65660757
201191	65749030
201191	65749482
201191	66422326
201191	66652419
